0.0
0.0
4.0
2.0
1.3
0.8
0.6
0.5
0.5
0.4
0.4
0.3
0.3
0.2
0.2
0.2
0.2
0.0
0.0
0.0
0.3
0.0
93.4
0.0
0.7
0.0
0.0
0.9
0.9
0.0
91.3
92.0
92.8
0.0
1.1
1.2
1.2
0.0
0.0
1.6
1.5
1.5
1.9
0.0
0.0
0.0
0.0
0.0
1.5
0.0
88.7
87.7
87.8
86.6
2.0
2.0
0.0
1.6
1.6
1.6
1.6
0.0
0.0
0.0
0.0
0.0
0.0
0.0
0.0
0.0
0.0
1.6
1.6
1.6
1.6
1.6
1.6
1.6
0.0
1.6
0.0
0.0
0.0
0.0
0.0
0.0
0.0
1.6
1.6
1.6
2.6
1.6
1.6
1.6
0.0
2.7
2.7
2.8
0.0
0.0
0.0
0.0
0.0
0.0
0.0
1.7
1.7
0.0
0.0
0.0
0.0
0.0
1.7
1.7
0.0
0.0
1.7
1.7
0.0
3.5
1.7
0.0
0.0
0.0
0.0
0.0
0.0
0.0
1.8
1.8
1.8
1.8
1.8
1.8
1.8
1.8
1.7
1.7
1.7
1.7
3.7
0.0
0.0
0.0
0.0
0.0
1.7
0.0
1.7
1.7
1.7
0.0
1.7
1.7
1.7
1.7
4.2
0.0
82.8
84.1
84.1
84.3
82.4
87.0
83.9
84.0
82.2
82.2
82.3
82.5
1.9
1.9
0.0
1.9
0.0
0.0
5.1
1.9
1.9
0.0
0.0
0.0
1.9
0.0
0.0
1.9
1.9
1.9
0.0
0.0
0.0
0.0
2.0
1.9
2.0
0.0
0.0
2.0
2.0
2.0
0.0
0.0
0.0
0.0
0.0
0.0
2.0
0.0
0.0
0.0
0.0
0.0
2.0
0.0
2.0
0.0
2.0
2.0
0.0
0.0
6.8
0.0
0.0
0.0
0.0
0.0
2.1
7.2
7.3
7.2
0.0
0.0
0.0
0.0
0.0
0.0
7.9
0.0
0.0
0.0
2.2
2.2
0.0
0.0
0.0
0.0
0.0
0.0
0.0
0.0
0.0
