0.0
0.0
3.0
1.5
1.0
0.6
0.5
0.4
0.3
0.3
0.3
0.2
0.2
0.2
0.2
0.1
0.1
96.9
98.0
98.9
98.5
99.0
0.5
0.0
0.7
0.7
0.0
0.0
0.9
91.3
1.0
1.0
1.0
1.1
90.4
1.2
1.3
1.3
0.0
0.0
0.0
0.0
1.6
0.0
0.0
0.0
0.0
0.0
1.5
1.9
1.6
1.5
1.6
0.0
1.6
1.6
0.0
0.0
0.0
0.0
0.0
0.0
0.0
1.7
1.7
0.0
0.0
0.0
0.0
0.0
0.0
1.6
1.6
0.0
0.0
0.0
0.0
0.0
0.0
0.0
0.0
0.0
0.0
0.0
0.0
1.6
1.6
1.6
1.6
0.0
1.6
0.0
0.0
0.0
1.6
86.0
85.5
87.0
0.0
1.7
0.0
1.7
1.7
0.0
0.0
0.0
0.0
0.0
0.0
0.0
0.0
3.1
1.7
1.7
1.7
1.7
1.7
1.7
1.7
1.8
0.0
3.6
1.8
1.8
1.8
1.8
0.0
0.0
1.8
85.8
85.2
85.4
85.5
85.5
85.7
86.0
85.5
85.8
84.0
84.2
84.2
3.8
3.8
3.8
3.7
3.7
3.8
3.7
1.7
1.7
3.9
0.0
0.0
0.0
0.0
1.7
0.0
1.8
0.0
1.8
0.0
0.0
0.0
1.9
0.0
0.0
4.7
4.8
4.8
4.8
0.0
0.0
0.0
1.9
0.0
1.9
0.0
1.9
1.9
0.0
0.0
0.0
1.9
0.0
0.0
0.0
0.0
0.0
5.4
5.4
1.9
0.0
5.7
5.6
2.0
2.0
0.0
5.9
5.8
5.8
0.0
0.0
0.0
0.0
0.0
0.0
0.0
0.0
2.0
86.9
86.6
80.5
80.4
86.7
82.5
82.5
0.0
0.0
0.0
2.1
81.8
2.1
0.0
0.0
2.1
2.1
7.2
2.1
0.0
0.0
2.1
2.2
0.0
0.0
0.0
78.3
2.2
0.0
0.0
0.0
2.2
2.2
0.0
0.0
0.0
0.0
0.0
0.0
0.0
0.0
0.0
