0.0
0.0
112.0
115.0
116.0
93.0
97.0
100.0
102.0
103.0
105.0
97.4
99.0
100.0
101.0
102.0
103.0
0.2
0.2
0.2
0.3
0.3
0.5
0.6
0.0
0.6
0.7
0.0
0.0
1.0
0.0
0.0
0.0
1.1
0.0
0.0
0.0
0.0
1.5
0.0
0.0
0.0
0.0
1.9
1.9
1.8
1.8
1.7
0.0
1.6
0.0
0.0
0.0
2.0
0.0
0.0
1.6
0.0
0.0
0.0
0.0
1.7
1.6
0.0
0.0
2.4
2.3
2.3
1.6
1.6
1.6
0.0
0.0
0.0
0.0
0.0
0.0
0.0
0.0
0.0
1.7
1.6
1.6
1.6
1.6
86.1
86.4
86.3
86.4
86.6
88.1
85.5
85.8
86.1
87.7
1.6
1.6
0.0
2.8
2.9
1.7
1.7
1.7
3.1
3.0
1.7
0.0
1.7
1.7
1.7
1.7
1.7
0.0
0.0
0.0
0.0
0.0
0.0
5.0
0.0
0.0
0.0
0.0
0.0
0.0
0.0
1.8
1.8
0.0
0.0
0.0
0.0
0.0
0.0
0.0
0.0
0.0
0.0
0.0
0.0
1.7
1.7
1.7
1.7
1.7
1.7
1.7
1.7
0.0
0.0
0.0
3.9
0.0
0.0
0.0
0.0
0.0
1.8
0.0
0.0
0.0
0.0
1.9
0.0
0.0
0.0
0.0
0.0
0.0
0.0
1.9
1.8
1.9
5.0
0.0
1.9
0.0
5.1
5.1
1.9
1.9
1.9
0.0
1.9
1.9
0.0
0.0
0.0
1.9
0.0
0.0
1.9
0.0
0.0
0.0
80.9
82.8
82.8
83.0
82.8
80.8
80.9
82.9
83.0
82.8
82.6
80.8
82.8
82.7
2.0
2.0
2.0
0.0
2.0
0.0
0.0
2.0
2.0
0.0
2.1
0.0
0.0
2.1
2.1
2.1
2.1
0.0
2.1
2.1
2.1
2.2
7.4
7.5
7.5
2.2
2.2
0.0
8.0
7.9
7.9
77.9
78.0
80.1
80.3
80.1
80.3
80.3
7.9
0.0
0.0
0.0
