0.0
0.0
0.0
0.0
0.0
0.0
0.0
0.0
0.0
0.0
0.0
0.0
0.0
0.0
0.0
0.0
0.0
0.3
0.3
0.2
0.3
0.4
0.0
0.6
0.7
94.1
0.7
0.0
0.9
0.0
1.0
1.0
1.0
1.1
1.1
1.2
0.0
0.0
89.5
87.8
88.4
89.1
87.6
88.0
88.7
87.5
88.1
88.7
87.4
87.2
2.0
1.9
0.0
0.0
1.6
1.6
1.6
2.1
2.1
0.0
2.2
2.3
2.2
1.7
1.7
0.0
0.0
0.0
1.7
1.6
1.6
0.0
0.0
2.4
2.3
0.0
0.0
0.0
1.6
1.6
0.0
0.0
0.0
0.0
0.0
1.6
1.6
1.6
0.0
1.6
0.0
1.6
1.6
4.2
2.7
0.0
0.0
0.0
1.7
0.0
0.0
1.7
1.7
1.7
1.7
0.0
0.0
0.0
0.0
0.0
0.0
1.7
0.0
0.0
0.0
0.0
0.0
0.0
0.0
0.0
1.8
0.0
3.6
3.6
3.7
3.6
1.8
1.8
0.0
0.0
0.0
0.0
0.0
1.8
1.7
1.7
1.7
1.7
1.7
1.7
1.7
0.0
83.8
84.0
84.2
84.4
84.4
85.7
84.0
84.2
85.8
85.9
85.7
85.4
85.6
83.9
0.0
4.4
1.9
0.0
1.9
1.9
0.0
0.0
0.0
0.0
0.0
0.0
0.0
0.0
0.0
0.0
4.9
0.0
1.9
0.0
0.0
0.0
0.0
5.2
5.2
5.1
0.0
1.9
1.9
0.0
0.0
1.9
83.3
83.2
83.2
83.2
0.0
0.0
5.7
0.0
2.0
0.0
0.0
0.0
2.0
2.0
2.0
2.0
1.9
0.0
0.0
0.0
2.0
2.0
2.0
2.0
0.0
2.0
6.3
0.0
0.0
0.0
6.6
79.7
2.1
2.1
0.0
0.0
7.1
7.1
0.0
2.1
0.0
0.0
0.0
0.0
2.2
2.2
2.1
4.4
0.0
0.0
0.0
0.0
2.2
2.2
8.0
8.0
7.9
7.9
7.9
0.0
0.0
0.0
0.0
