0.0
0.0
3.0
1.5
1.0
0.6
0.5
0.4
0.3
0.3
0.3
0.2
0.2
0.2
0.2
0.1
0.1
0.3
0.3
0.2
0.0
0.3
0.5
0.0
93.6
0.7
0.7
93.0
91.1
1.0
0.0
0.0
0.0
1.0
0.0
0.0
0.0
1.3
0.0
0.0
0.0
0.0
1.7
0.0
0.0
0.0
0.0
0.0
1.7
0.0
1.6
1.6
0.0
1.6
88.3
88.8
85.8
87.4
87.9
87.7
87.9
86.2
85.4
87.2
87.6
85.7
86.1
86.5
85.5
85.9
86.3
0.0
0.0
1.7
1.6
0.0
0.0
0.0
1.6
1.6
1.6
1.6
1.6
1.6
1.6
0.0
0.0
0.0
1.6
1.6
1.6
1.6
1.6
1.6
0.0
0.0
0.0
1.6
0.0
0.0
3.0
3.0
3.0
0.0
0.0
3.0
1.7
0.0
0.0
0.0
0.0
0.0
0.0
0.0
0.0
0.0
0.0
0.0
0.0
1.8
0.0
0.0
1.8
1.8
1.8
1.8
3.7
0.0
3.7
3.7
1.8
1.8
1.8
0.0
0.0
0.0
0.0
0.0
0.0
0.0
0.0
0.0
0.0
0.0
0.0
0.0
1.7
1.7
0.0
0.0
0.0
1.7
0.0
0.0
0.0
4.0
1.8
0.0
4.5
4.6
4.6
4.6
0.0
0.0
0.0
0.0
1.9
0.0
0.0
0.0
4.8
4.8
1.9
0.0
1.9
5.0
0.0
0.0
0.0
1.9
1.9
1.9
1.9
5.2
5.2
5.2
5.3
5.3
1.9
0.0
1.9
5.6
0.0
0.0
2.0
2.0
0.0
0.0
0.0
0.0
2.0
2.0
2.0
2.0
1.9
2.0
2.0
0.0
6.1
0.0
0.0
6.2
2.0
0.0
0.0
6.4
6.4
6.4
0.0
0.0
0.0
2.1
7.1
7.0
2.1
2.1
0.0
0.0
0.0
0.0
2.1
2.1
2.2
2.1
0.0
0.0
2.2
0.0
0.0
0.0
0.0
0.0
2.2
2.2
2.2
2.2
2.2
2.2
2.2
8.0
8.0
