0.0
0.0
0.0
0.0
0.0
0.0
0.0
0.0
0.0
0.0
0.0
0.0
0.0
0.0
0.0
0.0
0.0
0.0
0.0
0.0
0.0
0.0
0.0
0.5
0.0
0.0
0.0
0.9
0.0
0.0
1.0
1.0
1.0
0.0
1.1
0.0
1.2
0.0
1.5
0.0
0.0
0.0
0.0
1.7
1.6
1.6
1.5
1.5
0.0
1.6
0.0
0.0
1.6
1.6
0.0
0.0
0.0
0.0
0.0
1.6
0.0
1.7
1.7
0.0
0.0
1.7
1.7
1.6
2.4
2.3
2.3
2.4
2.3
0.0
0.0
1.6
1.6
1.6
1.6
2.5
1.6
1.6
1.6
1.6
1.6
1.6
1.6
0.0
0.0
0.0
0.0
0.0
0.0
0.0
1.6
0.0
0.0
0.0
87.0
86.9
88.4
85.2
84.7
84.7
84.9
86.8
85.2
86.8
86.3
86.6
86.8
85.2
0.0
0.0
1.7
1.7
3.2
3.2
1.7
1.7
1.8
1.8
0.0
0.0
0.0
0.0
0.0
0.0
0.0
0.0
0.0
0.0
0.0
3.8
3.8
3.7
3.7
3.7
3.7
3.7
0.0
1.7
1.7
1.7
1.7
1.7
0.0
0.0
0.0
0.0
0.0
0.0
1.7
1.7
1.7
1.7
1.8
1.8
1.8
0.0
0.0
0.0
1.9
0.0
4.7
4.7
0.0
1.9
1.9
1.9
82.1
82.2
0.0
1.9
5.0
0.0
1.9
0.0
0.0
0.0
0.0
0.0
0.0
1.9
1.9
0.0
0.0
1.9
0.0
1.9
0.0
0.0
2.0
1.9
0.0
7.7
5.8
0.0
0.0
0.0
0.0
0.0
0.0
0.0
0.0
0.0
6.0
6.0
0.0
0.0
0.0
0.0
6.2
0.0
0.0
2.0
0.0
0.0
2.0
0.0
2.1
79.1
79.1
79.2
79.2
79.3
81.4
78.9
0.0
0.0
0.0
2.1
0.0
0.0
7.6
0.0
0.0
2.2
2.2
2.2
0.0
0.0
2.2
2.2
2.2
2.2
2.2
78.2
80.4
2.2
2.2
