0.0
0.0
3.0
1.5
1.0
0.6
0.5
0.4
0.3
0.3
0.3
0.2
0.2
0.2
0.2
0.1
0.1
0.0
0.0
0.0
0.4
0.0
0.5
0.0
0.0
0.0
93.6
0.8
0.0
0.0
0.0
0.0
0.0
91.6
0.0
90.5
1.2
1.2
0.0
1.7
1.7
1.6
0.0
0.0
0.0
0.0
0.0
0.0
0.0
1.6
0.0
0.0
2.0
1.6
0.0
0.0
1.6
1.6
1.6
2.1
1.7
1.7
1.6
2.3
2.3
1.7
1.7
1.7
1.6
1.6
1.6
88.0
88.4
86.7
86.1
87.7
88.1
88.4
86.7
85.7
85.6
86.0
86.3
86.6
86.9
2.5
2.4
0.0
2.5
0.0
0.0
0.0
0.0
0.0
0.0
1.7
1.6
1.6
0.0
1.7
0.0
0.0
0.0
1.7
1.7
0.0
1.7
1.7
1.7
1.7
1.7
0.0
3.2
3.1
3.2
3.2
0.0
0.0
0.0
0.0
3.5
1.8
1.8
1.8
1.8
1.8
1.8
1.8
1.8
1.8
3.7
3.7
3.7
0.0
0.0
0.0
0.0
0.0
0.0
0.0
1.7
85.9
1.7
1.7
1.7
1.7
0.0
0.0
3.8
3.8
1.7
0.0
4.0
3.9
3.9
0.0
85.2
0.0
0.0
1.9
1.9
1.9
4.7
1.9
1.9
1.9
1.9
1.9
1.9
1.9
1.9
1.8
0.0
0.0
0.0
1.9
1.9
1.9
1.9
0.0
0.0
0.0
5.2
0.0
0.0
1.9
1.9
0.0
0.0
1.9
0.0
0.0
83.2
82.9
80.8
0.0
0.0
2.0
2.0
2.0
5.9
5.9
0.0
0.0
0.0
5.9
0.0
2.0
0.0
0.0
0.0
0.0
0.0
0.0
2.0
2.0
82.1
82.3
2.0
6.8
0.0
7.0
2.1
2.1
0.0
0.0
0.0
0.0
2.1
2.1
7.4
0.0
78.7
78.6
78.5
7.7
80.2
80.1
80.0
80.1
8.0
7.9
0.0
0.0
0.0
0.0
0.0
2.2
8.0
2.2
2.2
