0.0
0.0
0.0
0.0
0.0
0.0
0.0
0.0
0.0
0.0
0.0
0.0
0.0
0.0
0.0
0.0
0.0
0.0
0.0
0.0
0.0
0.0
0.0
94.1
0.0
0.0
0.7
0.8
0.0
1.0
0.0
0.0
0.0
0.0
0.0
0.0
89.3
90.8
1.7
1.5
1.5
1.5
0.0
1.6
1.6
1.5
1.5
1.5
1.5
0.0
0.0
0.0
0.0
0.0
0.0
0.0
2.0
0.0
0.0
0.0
0.0
0.0
0.0
0.0
0.0
1.7
1.7
1.6
0.0
0.0
0.0
0.0
0.0
1.6
1.6
2.4
2.4
2.3
2.4
0.0
2.5
2.5
2.5
2.4
2.4
0.0
0.0
2.5
0.0
2.5
0.0
2.6
2.6
0.0
0.0
1.6
1.6
0.0
1.7
0.0
0.0
0.0
0.0
1.7
1.7
0.0
3.1
3.1
3.1
3.1
3.0
1.7
86.7
86.3
86.3
86.6
86.5
86.7
84.9
83.7
83.9
85.6
83.8
84.0
84.0
83.6
83.6
87.5
83.8
0.0
0.0
0.0
0.0
0.0
0.0
0.0
0.0
0.0
1.7
1.7
0.0
0.0
0.0
0.0
0.0
0.0
0.0
0.0
1.7
1.7
0.0
1.7
0.0
0.0
0.0
0.0
0.0
83.0
1.9
0.0
0.0
0.0
1.9
1.9
1.9
1.8
1.9
1.9
1.9
1.8
0.0
0.0
83.9
81.9
83.8
82.1
83.5
81.6
81.7
83.6
83.8
83.6
81.6
81.5
81.7
83.6
83.7
81.4
0.0
0.0
5.5
1.9
0.0
0.0
0.0
0.0
2.0
0.0
0.0
0.0
2.0
2.0
5.9
5.9
5.8
2.0
2.0
2.0
0.0
2.0
2.0
2.0
2.0
2.0
0.0
0.0
0.0
0.0
82.0
2.1
0.0
0.0
2.1
2.1
0.0
0.0
2.1
0.0
81.0
81.1
78.8
78.8
2.2
2.1
2.1
0.0
0.0
2.2
2.2
2.2
0.0
0.0
0.0
0.0
0.0
0.0
0.0
2.2
2.2
80.3
80.2
