0.0
0.0
15.625
15.1875
15.0375
11.95
12.3875
12.7125
12.925
13.0375
13.2875
12.2875
12.4875
12.6
12.725
12.8125
12.9375
12.2125
12.35
12.4375
12.475
12.5
11.925
11.975
11.9625
12.0125
12.05
12.05
11.725
11.7875
11.7875
11.875
11.975
11.9875
11.7125
11.7625
11.775
11.825
11.775
11.575
11.6375
11.7125
11.6
11.65
11.725
11.55
11.6125
11.675
11.7
11.7375
11.7375
11.5875
11.625
11.675
11.6875
11.75
11.575
11.5875
11.65
11.625
11.675
11.7
11.5625
11.6125
11.6625
11.65
11.6875
11.7125
11.6
11.625
11.675
11.7
11.7375
11.75
11.65
11.6625
11.7125
11.7375
11.7375
11.625
11.625
11.6625
11.7
11.725
11.7625
11.675
11.7
11.7
11.7125
11.7375
11.7375
11.6125
11.65
11.6875
11.7
11.7
11.625
11.625
11.65
11.65
11.6375
11.6625
11.6
11.6125
11.625
11.65
11.675
11.6625
11.6
11.6375
11.65
11.675
11.6625
11.6
11.6125
11.65
11.6375
11.6625
11.6625
11.5625
11.5875
11.6
11.6
11.625
11.6375
11.575
11.5875
11.6125
11.6125
11.6375
11.5625
11.5875
11.6
11.6125
11.625
11.65
11.575
11.6125
11.6
11.625
11.625
11.6375
11.5875
11.6125
11.625
11.65
11.6625
11.6
11.6125
11.6375
11.6375
11.65
11.6375
11.5875
11.6125
11.625
11.625
11.6
11.6125
11.55
11.5625
11.5875
11.6
11.5875
11.55
11.55
11.575
11.5875
11.6
11.6125
11.575
11.5625
11.575
11.575
11.575
11.6
11.55
11.55
11.5625
11.575
11.6
11.5625
11.5625
11.55
11.575
11.575
11.6
11.55
11.5625
11.55
11.5625
11.575
11.6125
11.5375
11.5625
11.575
11.575
11.5875
11.6
11.575
11.5875
11.6
11.6
11.6125
11.55
11.5625
11.6
11.6
11.6
11.6125
11.575
11.5875
11.575
11.5875
11.6
11.6125
11.5625
11.5875
11.575
11.6
11.6
11.55
11.5625
11.5625
11.575
11.5875
11.6
11.55
11.5625
11.5625
11.575
11.575
11.6
11.5625
11.5625
11.575
11.5625
11.5625
11.5375
11.55
11.5625
11.5625
11.5625
11.5875
11.55
11.575
11.575
11.5875
11.6
11.5875
11.575
