0.0
0.0
15.25
14.875
11.15
11.825
12.2625
12.6
12.7625
13.0
12.0
12.2375
12.425
12.5625
12.6875
12.8125
12.25
12.3125
12.3875
12.475
12.5875
12.625
12.2
12.175
12.1875
12.2875
12.325
12.0125
12.0
12.05
12.0875
12.1375
12.2
11.9375
11.9875
12.0
12.05
12.0875
12.1125
11.8375
11.9
11.9625
11.975
11.9875
11.8
11.875
11.9125
11.95
12.0125
12.05
11.85
11.8875
11.9125
11.9625
11.975
12.0125
11.8875
11.9
11.9125
11.95
11.975
12.025
11.875
11.925
11.95
11.9625
11.9875
11.875
11.9
11.925
11.9625
11.9875
12.025
11.9125
11.925
11.9625
12.0
12.0
12.0375
11.925
11.95
11.975
12.0
12.025
12.05
11.9625
11.975
11.9875
12.0125
12.05
11.95
11.975
11.9875
12.0125
12.0375
12.0625
11.975
11.9875
12.0
12.0
12.0125
12.0375
11.95
11.975
11.9875
12.0125
12.025
12.05
11.975
12.0
12.0
12.025
12.0375
11.95
11.9875
12.0
12.0
12.025
12.025
11.9625
11.95
11.95
11.975
11.9875
12.0125
11.9375
11.95
11.9625
11.975
12.0
12.0125
11.95
11.975
11.975
11.9875
12.0125
11.95
11.975
11.9875
12.0
12.0125
12.025
11.9625
11.975
12.0
12.0125
12.0125
12.0375
11.9625
12.0
12.0125
12.025
12.025
12.0375
12.0
12.0125
12.0125
12.0125
12.0
11.95
11.9375
11.95
11.95
11.9625
11.9625
11.9375
11.95
11.95
11.95
11.9625
11.9875
11.9375
11.95
11.95
11.9625
11.975
12.0
11.9375
11.95
11.95
11.9625
11.9875
11.9125
11.95
11.95
11.975
11.9625
11.9875
11.9375
11.9375
11.9375
11.9375
11.95
11.9625
11.9125
11.9125
11.925
11.95
11.9375
11.9
11.9125
11.925
11.925
11.9375
11.9625
11.925
11.9125
11.9375
11.925
11.9375
11.975
11.9125
11.9375
11.95
11.9625
11.975
11.9875
11.9375
11.95
11.9375
11.9375
11.9625
11.9375
11.925
11.9375
11.95
11.9625
11.9625
11.925
11.9375
11.9375
11.9375
11.95
11.95
11.9125
11.925
11.9375
11.9375
11.95
11.95
11.925
11.925
11.9375
11.95
11.9625
11.9125
11.9125
11.925
11.9375
11.95
11.9625
