0.0
0.0
15.375
15.0
14.7625
14.6875
12.2625
12.6
12.7625
13.0
13.25
13.325
12.425
12.5625
12.6875
12.8125
12.9375
12.3
12.425
12.4875
12.5375
12.6
12.575
12.15
12.175
12.2375
12.3125
12.3125
12.3875
12.0125
12.0625
12.15
12.2
12.225
11.95
11.9625
12.0125
12.0375
12.0
12.0625
11.875
11.925
11.9125
11.975
12.05
12.075
11.9125
11.9375
11.9625
12.0
12.0375
12.0625
11.9
11.925
11.9375
11.9875
12.025
11.8875
11.9
11.95
11.9625
11.9875
12.0125
11.875
11.9125
11.9125
11.9625
12.0
12.025
11.925
11.9625
11.9875
12.025
12.025
12.075
11.9375
11.9875
12.0125
12.025
12.0375
11.9125
11.95
11.9875
12.0
12.0125
12.0625
11.9375
11.9875
12.0125
12.025
12.0375
12.025
11.9625
11.9875
11.9875
12.0
12.0375
12.0375
11.9375
11.95
11.975
12.0
12.0375
11.95
11.975
11.975
12.0
12.0125
12.0375
11.95
11.9625
11.975
12.0125
12.0375
12.05
11.975
12.0
12.0
12.0125
11.9625
11.9875
11.9125
11.95
11.9375
11.975
11.9625
11.925
11.925
11.925
11.95
11.9875
11.9625
11.9125
11.925
11.9375
11.9625
11.9875
12.0
11.925
11.95
11.9625
11.95
11.975
12.0
11.95
11.9625
11.975
11.9875
11.9875
11.95
11.95
11.9625
11.9625
11.975
11.9875
11.9375
11.9125
11.925
11.9125
11.925
11.925
11.8875
11.875
11.8875
11.9
11.9125
11.8625
11.8875
11.875
11.9
11.9
11.925
11.8875
11.8875
11.9
11.9125
11.9
11.9125
11.875
11.875
11.9
11.9125
11.9
11.9125
11.875
11.9
11.8875
11.9
11.8875
11.85
11.85
11.8625
11.875
11.875
11.9
11.8375
11.8375
11.8875
11.85
11.875
11.9
11.8375
11.85
11.8625
11.8875
11.875
11.8875
11.85
11.8875
11.875
11.9
11.9
11.85
11.875
11.875
11.8875
11.8875
11.9
11.85
11.8375
11.85
11.8625
11.8625
11.8875
11.8375
11.8625
11.8625
11.8625
11.8625
11.8375
11.825
11.85
11.85
11.85
11.8625
11.8125
11.85
11.85
11.85
11.875
11.875
11.8375
11.85
11.85
11.85
11.85
11.8625
11.825
11.8375
11.8375
11.85
