0.0
0.0
15.375
14.875
14.7625
11.875
12.3125
12.6125
12.8875
13.0
13.25
12.25
12.4375
12.5625
12.6875
12.8125
12.25
12.375
12.2375
12.3375
12.45
12.3625
11.975
11.7375
11.6875
11.8125
11.775
11.875
11.325
11.3625
11.3
11.3875
11.4625
11.5625
11.2125
11.1875
11.175
11.2375
11.15
12.3
10.825
10.9125
10.925
10.825
10.9
10.775
10.825
10.9125
10.9875
10.975
11.0
10.825
10.85
10.8875
10.8875
10.9625
11.0125
10.8375
10.85
10.8875
10.925
10.9625
10.825
10.875
10.9
10.875
10.9125
10.95
10.85
10.8875
10.9125
10.975
11.025
11.0375
10.9125
10.9625
11.0
11.025
11.0625
11.0625
10.9625
10.975
11.025
11.05
11.075
11.0125
11.0375
11.0375
11.0625
11.075
11.1
11.0125
11.025
11.0625
11.0625
11.1
11.1125
11.025
11.025
11.0125
11.0125
11.0375
11.05
10.9875
11.0
11.025
11.0375
11.0625
11.0875
11.0125
11.0375
11.075
11.075
11.0875
11.025
11.0375
11.025
11.05
11.075
11.0875
10.95
10.975
10.975
11.0
11.0125
11.025
10.975
10.975
11.0
11.0125
11.025
11.05
10.9875
11.0125
11.025
11.05
11.0625
11.0375
11.05
11.05
11.0875
11.0875
11.0875
11.05
11.075
11.0875
11.1
11.1125
11.125
11.0625
11.075
11.1
11.125
11.125
11.1625
11.1125
11.1
11.0625
11.075
11.05
11.0
11.0
11.0125
11.0125
11.0125
11.025
11.0
11.0
11.0
11.025
11.05
11.05
11.025
11.0
11.025
11.0125
11.0125
11.0375
10.975
11.0
11.0
11.025
11.025
10.9875
10.9875
11.0
11.0125
11.025
11.0125
10.975
10.975
10.975
10.975
10.975
11.0
10.9375
10.9375
10.95
10.9625
10.9625
10.9875
10.9375
10.95
10.9625
10.975
11.0
10.9375
10.95
10.9625
10.9625
10.9875
10.9875
10.9375
10.9625
10.9625
10.975
10.9875
10.9875
10.95
10.95
10.925
10.925
10.9375
10.9375
10.9
10.9125
10.925
10.925
10.925
10.8875
10.9
10.8875
10.8875
10.8875
10.9125
10.8625
10.8625
10.875
10.875
10.8875
10.8875
10.8625
10.8625
10.8625
10.8875
10.9
10.9
10.875
10.8875
10.875
10.8875
10.9
