0.0
0.0
15.375
9.9625
11.15
11.85
12.2875
12.6125
12.8875
11.8
12.025
12.25
12.4375
12.5625
11.95
12.1125
12.25
12.3875
12.5
12.5125
12.1
12.2125
12.3125
12.4
12.4875
12.5125
12.2125
12.2875
12.3625
12.4375
12.5
12.5125
12.2875
12.35
12.35
12.1
11.8625
13.5375
11.2125
11.025
10.85
10.7375
10.575
10.225
10.1
9.975
9.8625
9.8375
9.925
9.7375
9.7625
9.725
9.7625
9.8
9.8375
9.75
9.825
9.8
9.825
9.8375
9.725
9.725
9.7375
9.8
9.825
9.8125
9.675
9.75
9.825
9.8375
9.9
9.925
9.8625
9.9375
9.9125
9.9375
9.975
10.0375
9.975
9.9625
9.9375
9.95
10.0
9.9375
10.0
10.025
10.0625
10.075
10.1
9.9875
10.0375
10.0125
10.0
10.0375
10.0375
10.0
9.9875
10.025
10.0
10.0
9.9875
9.9
9.9375
9.975
9.975
10.0125
9.925
9.975
9.9625
10.0125
10.0375
10.075
9.9875
9.9875
10.0125
10.0375
10.0375
10.075
10.025
10.0125
9.95
9.9
9.9125
9.875
9.9
9.9
9.9125
9.9375
9.9375
9.9
9.925
9.925
9.95
9.9625
9.9875
9.9375
9.975
10.0125
10.0375
10.0375
10.075
10.0
10.0
10.0375
10.0625
10.0875
10.0625
10.0625
10.075
10.0875
10.1
10.1125
10.0625
10.05
10.075
10.1
10.0875
10.05
9.9875
9.9625
9.9375
9.9125
9.925
9.8875
9.875
9.8875
9.9125
9.925
9.9375
9.9
9.925
9.925
9.9375
9.9375
9.9375
9.875
9.8875
9.8875
9.875
9.875
9.9
9.875
9.8875
9.8875
9.875
9.9
9.85
9.875
9.875
9.8625
9.85
9.8625
9.8125
9.825
9.85
9.825
9.8375
9.85
9.8125
9.825
9.8375
9.825
9.85
9.8125
9.8375
9.8625
9.85
9.8625
9.8625
9.8375
9.8375
9.85
9.8375
9.85
9.85
9.8375
9.8375
9.8375
9.85
9.825
9.8125
9.75
9.775
9.775
9.75
9.775
9.75
9.75
9.7375
9.75
9.75
9.7375
9.7
9.6875
9.7
9.7125
9.7
9.7125
9.6625
9.675
9.6875
9.675
9.6875
9.675
9.6625
9.675
9.7
9.7125
9.7125
9.7
9.675
9.7
