0.0
0.0
15.125
14.875
11.1125
11.825
12.2875
12.6
12.875
11.7875
11.975
12.2
12.4
12.5625
12.6875
12.075
12.2125
12.35
12.3875
12.4
12.5
11.9875
12.0875
12.0625
12.075
12.1
12.2
11.825
11.825
11.8375
11.875
11.9125
11.6625
11.725
11.8
11.7875
11.85
11.9
11.5875
11.65
11.7125
11.7375
11.7375
11.75
11.575
11.6375
11.675
11.75
11.75
11.8
11.6125
11.65
11.6875
11.7
11.75
11.5875
11.6375
11.6375
11.65
11.6875
11.75
11.6
11.6375
11.675
11.6875
11.7375
11.7375
11.6375
11.6625
11.7125
11.725
11.75
11.775
11.6625
11.6875
11.7125
11.7625
11.7875
11.675
11.7125
11.7125
11.7625
11.7625
11.8
11.675
11.725
11.7625
11.75
11.75
11.7875
11.7
11.7375
11.7375
11.7625
11.775
11.8
11.7
11.725
11.7125
11.7375
11.75
11.65
11.6875
11.7
11.725
11.7375
11.7625
11.7
11.6875
11.7125
11.725
11.7375
11.7625
11.6875
11.6875
11.7125
11.725
11.75
11.675
11.675
11.65
11.6625
11.675
11.7
11.625
11.65
11.6625
11.6625
11.675
11.7125
11.6375
11.6625
11.675
11.675
11.7
11.725
11.65
11.675
11.7
11.725
11.725
11.6625
11.675
11.7
11.7125
11.725
11.7375
11.6875
11.6875
11.7
11.7125
11.725
11.725
11.6875
11.7125
11.7
11.7
11.6875
11.6875
11.6125
11.6125
11.625
11.65
11.6375
11.6
11.6
11.625
11.6375
11.65
11.65
11.6125
11.625
11.6375
11.6125
11.65
11.65
11.5875
11.625
11.6375
11.6375
11.65
11.675
11.6125
11.6125
11.6375
11.6375
11.6625
11.6
11.625
11.6375
11.6375
11.6375
11.6375
11.5875
11.6125
11.6125
11.6
11.625
11.65
11.6
11.6125
11.6125
11.625
11.65
11.65
11.625
11.6125
11.625
11.625
11.6375
11.6
11.625
11.625
11.6375
11.675
11.6625
11.625
11.6375
11.65
11.6375
11.6125
11.65
11.6
11.625
11.6125
11.6375
11.6375
11.6375
11.6125
11.6125
11.6125
11.6125
11.625
11.5875
11.6
11.6125
11.5875
11.6
11.6125
11.6
11.575
11.5875
11.6
11.6
11.625
11.5875
11.5875
11.6
11.6125
11.625
11.5875
