0.0
0.0
15.25
9.9625
11.15
11.875
12.2875
12.2625
11.15
11.5375
11.8
12.05
12.2375
12.4
11.775
11.925
12.0875
12.2375
12.2125
12.325
11.9
11.875
11.975
11.95
11.925
11.5625
11.675
11.65
11.625
11.6875
11.7125
11.4875
11.4625
11.5625
11.6
11.6125
11.675
11.4375
11.4
11.4375
11.525
11.5875
11.5625
11.325
11.3875
11.45
11.5
11.5625
11.3625
11.3875
11.45
11.4875
11.5375
11.55
11.4375
11.45
11.5125
11.5375
11.525
11.5875
11.4375
11.4625
11.5125
11.525
11.5875
11.4375
11.45
11.4875
11.5125
11.55
11.575
11.475
11.5
11.55
11.575
11.6
11.6375
11.5625
11.5625
11.6
11.5625
11.6125
11.65
11.5625
11.575
11.6125
11.65
11.65
11.5375
11.575
11.575
11.5625
11.625
11.6125
11.5375
11.55
11.575
11.5875
11.5875
11.5875
11.5
11.525
11.55
11.5625
11.5875
11.5875
11.5375
11.5375
11.5625
11.575
11.5875
11.5375
11.55
11.5375
11.5625
11.6
11.6
11.55
11.575
11.525
11.5125
11.525
11.5375
11.475
11.4875
11.5125
11.5125
11.5125
11.525
11.4625
11.4875
11.5125
11.525
11.5375
11.4625
11.4875
11.5125
11.525
11.5375
11.5625
11.525
11.5
11.525
11.55
11.575
11.5875
11.525
11.55
11.55
11.5625
11.5625
11.575
11.5375
11.5375
11.55
11.55
11.5625
11.4875
11.475
11.4875
11.475
11.4875
11.5
11.45
11.45
11.475
11.475
11.5
11.5125
11.45
11.475
11.475
11.4875
11.4875
11.4375
11.4625
11.45
11.475
11.4875
11.4875
11.45
11.45
11.4625
11.475
11.5
11.4875
11.45
11.4625
11.4625
11.475
11.475
11.475
11.425
11.4375
11.45
11.45
11.4625
11.4125
11.425
11.4375
11.4375
11.4625
11.4625
11.425
11.45
11.4625
11.45
11.4625
11.475
11.4375
11.4375
11.4625
11.475
11.5
11.45
11.45
11.4625
11.475
11.475
11.4625
11.4
11.4
11.425
11.425
11.45
11.45
11.425
11.4375
11.4375
11.45
11.45
11.45
11.4125
11.4375
11.45
11.45
11.4375
11.3875
11.4
11.4
11.4125
11.425
11.45
11.4
11.425
11.4375
11.4375
11.45
11.4625
11.425
11.4375
