0.0
0.0
15.125
14.875
14.8
11.825
12.275
12.25
12.5625
12.7375
12.9875
12.0375
12.225
12.3875
12.55
12.6375
12.725
12.2125
12.2125
12.3125
12.4125
12.375
11.8625
11.975
11.95
12.05
12.0375
12.0625
11.75
11.8
11.825
11.9125
11.9125
11.9875
11.65
11.725
11.75
11.775
11.7125
11.525
11.6125
11.6375
11.5875
11.6375
11.6875
11.5125
11.575
11.625
11.675
11.675
11.7125
11.55
11.5875
11.6375
11.6625
11.7
11.7375
11.5875
11.6
11.65
11.675
11.6875
11.5875
11.6
11.65
11.65
11.6625
11.6875
11.5875
11.625
11.65
11.6875
11.7125
11.7375
11.6125
11.6625
11.6875
11.725
11.75
11.75
11.625
11.65
11.6875
11.725
11.75
11.625
11.6625
11.6875
11.7
11.725
11.75
11.6375
11.6375
11.675
11.675
11.7
11.7125
11.6125
11.6375
11.6625
11.6875
11.7
11.725
11.65
11.6625
11.6875
11.6875
11.7375
11.625
11.65
11.675
11.675
11.7
11.7125
11.6375
11.6625
11.6875
11.6875
11.7
11.6875
11.575
11.6125
11.6
11.625
11.6375
11.65
11.5875
11.575
11.6
11.6125
11.6375
11.575
11.6
11.6125
11.625
11.65
11.6625
11.6125
11.625
11.65
11.6625
11.65
11.675
11.6375
11.65
11.65
11.675
11.6875
11.7125
11.65
11.6625
11.6625
11.675
11.6875
11.6375
11.625
11.6125
11.6125
11.6125
11.6125
11.55
11.55
11.575
11.5875
11.6
11.5875
11.5625
11.55
11.575
11.5875
11.6
11.5625
11.5625
11.55
11.5625
11.5875
11.5875
11.5375
11.5375
11.55
11.575
11.5625
11.575
11.55
11.55
11.5625
11.575
11.575
11.5875
11.5375
11.55
11.5625
11.55
11.5625
11.5125
11.525
11.525
11.5375
11.55
11.5625
11.525
11.5375
11.55
11.55
11.575
11.575
11.525
11.5375
11.5375
11.5625
11.55
11.525
11.5125
11.5375
11.5375
11.5375
11.55
11.5125
11.5375
11.525
11.5375
11.525
11.525
11.4875
11.5
11.5125
11.525
11.525
11.5375
11.4875
11.5375
11.55
11.5625
11.5625
11.5375
11.525
11.5125
11.5125
11.525
11.5375
11.5
11.5125
11.5125
11.525
11.55
11.5625
11.525
11.5375
11.5625
11.55
11.55
