0.0
62.464
62.464
62.464
62.464
62.464
62.464
62.464
62.464
62.464
62.464
62.464
62.464
62.464
62.464
62.464
62.464
62.464
62.464
62.464
124.928
124.928
124.928
124.928
124.928
124.928
124.928
124.928
124.928
124.928
124.928
124.928
124.928
124.928
124.928
124.928
124.928
124.928
124.928
124.928
124.928
124.928
124.928
124.928
124.928
124.928
124.928
124.928
124.928
124.928
124.928
124.928
124.928
124.928
124.928
124.928
124.928
124.928
124.928
124.928
124.928
124.928
187.392
187.392
187.392
187.392
187.392
187.392
187.392
187.392
187.392
187.392
187.392
187.392
187.392
187.392
187.392
187.392
187.392
187.392
187.392
187.392
187.392
187.392
187.392
187.392
187.392
187.392
187.392
187.392
187.392
187.392
187.392
187.392
187.392
187.392
187.392
187.392
187.392
187.392
187.392
187.392
187.392
187.392
187.392
187.392
187.392
187.392
187.392
187.392
187.392
187.392
187.392
187.392
187.392
187.392
187.392
187.392
187.392
187.392
187.392
187.392
187.392
187.392
187.392
249.856
187.392
187.392
187.392
187.392
187.392
187.392
187.392
187.392
187.392
187.392
187.392
187.392
249.856
249.856
187.392
249.856
249.856
249.856
249.856
249.856
187.392
187.392
249.856
249.856
249.856
249.856
249.856
249.856
249.856
187.392
249.856
249.856
249.856
249.856
249.856
249.856
249.856
249.856
249.856
249.856
249.856
249.856
249.856
249.856
249.856
249.856
249.856
249.856
249.856
249.856
249.856
249.856
249.856
249.856
249.856
249.856
249.856
249.856
249.856
249.856
249.856
249.856
249.856
249.856
249.856
249.856
249.856
249.856
249.856
249.856
249.856
249.856
249.856
249.856
249.856
249.856
249.856
249.856
249.856
249.856
249.856
249.856
249.856
249.856
249.856
312.32
249.856
249.856
312.32
249.856
249.856
312.32
312.32
312.32
312.32
312.32
312.32
312.32
312.32
312.32
312.32
312.32
312.32
312.32
312.32
312.32
312.32
312.32
312.32
312.32
312.32
312.32
312.32
312.32
312.32
312.32
312.32
312.32
312.32
312.32
312.32
312.32
312.32
312.32
312.32
