0.0
124.928
187.392
187.392
187.392
187.392
187.392
187.392
187.392
187.392
187.392
187.392
187.392
187.392
187.392
187.392
187.392
187.392
187.392
187.392
187.392
187.392
187.392
187.392
187.392
187.392
249.856
249.856
249.856
249.856
249.856
249.856
249.856
249.856
249.856
249.856
249.856
249.856
249.856
249.856
249.856
249.856
249.856
249.856
249.856
249.856
249.856
249.856
249.856
249.856
249.856
249.856
249.856
249.856
249.856
249.856
249.856
249.856
249.856
249.856
249.856
249.856
249.856
249.856
249.856
249.856
249.856
249.856
249.856
312.32
312.32
312.32
312.32
312.32
312.32
312.32
312.32
312.32
312.32
312.32
312.32
312.32
312.32
312.32
312.32
312.32
312.32
312.32
312.32
312.32
312.32
312.32
312.32
312.32
312.32
312.32
312.32
312.32
312.32
312.32
312.32
312.32
312.32
312.32
312.32
312.32
312.32
312.32
312.32
312.32
312.32
312.32
312.32
312.32
312.32
312.32
312.32
312.32
312.32
312.32
312.32
312.32
312.32
312.32
312.32
312.32
312.32
312.32
312.32
312.32
312.32
312.32
312.32
312.32
312.32
312.32
312.32
312.32
312.32
312.32
312.32
312.32
312.32
312.32
312.32
312.32
312.32
312.32
312.32
312.32
374.784
312.32
312.32
312.32
312.32
312.32
374.784
374.784
374.784
374.784
374.784
374.784
374.784
374.784
374.784
374.784
374.784
374.784
374.784
374.784
374.784
374.784
374.784
374.784
374.784
374.784
374.784
374.784
374.784
374.784
374.784
374.784
374.784
374.784
374.784
374.784
374.784
374.784
374.784
374.784
374.784
374.784
374.784
374.784
374.784
374.784
374.784
374.784
374.784
374.784
374.784
374.784
374.784
374.784
374.784
374.784
374.784
374.784
374.784
374.784
374.784
374.784
374.784
374.784
374.784
374.784
374.784
374.784
437.248
437.248
437.248
437.248
437.248
437.248
437.248
437.248
437.248
437.248
437.248
437.248
437.248
437.248
437.248
437.248
437.248
437.248
437.248
437.248
437.248
437.248
437.248
437.248
437.248
437.248
437.248
437.248
437.248
437.248
437.248
437.248
437.248
