0.0
124.928
249.856
374.784
499.712
624.64
749.568
874.496
999.424
1124.352
1249.28
1374.208
1499.136
1686.528
1811.456
1936.384
2061.312
2186.24
2311.168
2311.168
2311.168
2311.168
2311.168
2311.168
2311.168
2311.168
2311.168
2311.168
2311.168
2311.168
2311.168
2311.168
2311.168
2311.168
2311.168
2311.168
2311.168
2311.168
2311.168
2311.168
2311.168
2311.168
2311.168
2311.168
2311.168
2311.168
2311.168
2311.168
2311.168
2311.168
2311.168
2373.632
2311.168
2373.632
2373.632
2373.632
2373.632
2373.632
2373.632
2373.632
2373.632
2373.632
2373.632
2373.632
2373.632
2373.632
2373.632
2373.632
2373.632
2373.632
2373.632
2373.632
2373.632
2373.632
2373.632
2373.632
2373.632
2373.632
2373.632
2373.632
2373.632
2373.632
2373.632
2373.632
2373.632
2373.632
2373.632
2373.632
2373.632
2373.632
2373.632
2373.632
2373.632
2373.632
2373.632
2373.632
2373.632
2436.096
2373.632
2373.632
2373.632
2373.632
2373.632
2373.632
2373.632
2373.632
2373.632
2373.632
2373.632
2373.632
2373.632
2373.632
2373.632
2436.096
2373.632
2436.096
2436.096
2436.096
2436.096
2436.096
2436.096
2436.096
2436.096
2436.096
2436.096
2436.096
2436.096
2436.096
2436.096
2436.096
2436.096
2436.096
2436.096
2436.096
2436.096
2436.096
2436.096
2436.096
2436.096
2436.096
2436.096
2436.096
2436.096
2436.096
2436.096
2436.096
2436.096
2436.096
2436.096
2436.096
2436.096
2436.096
2436.096
2436.096
2436.096
2436.096
2436.096
2436.096
2436.096
2436.096
2436.096
2436.096
2436.096
2436.096
2436.096
2436.096
2436.096
2436.096
2436.096
2436.096
2436.096
2436.096
2436.096
2436.096
2436.096
2436.096
2498.56
2436.096
2436.096
2436.096
2436.096
2436.096
2498.56
2436.096
2436.096
2436.096
2436.096
2498.56
2498.56
2498.56
2498.56
2436.096
2498.56
2498.56
2498.56
2498.56
2498.56
2498.56
2498.56
2498.56
2498.56
2498.56
2498.56
2498.56
2498.56
2498.56
2498.56
2498.56
2498.56
2498.56
2498.56
2498.56
2498.56
2498.56
2498.56
2498.56
2498.56
2498.56
2498.56
2498.56
2498.56
2498.56
2498.56
2498.56
2498.56
2498.56
2498.56
2498.56
2498.56
2498.56
2498.56
2498.56
2498.56
2498.56
2561.024
2498.56
2561.024
2498.56
2498.56
2561.024
2561.024
2498.56
2498.56
2498.56
2498.56
2498.56
2561.024
2498.56
2498.56
2498.56
2498.56
0.0
