0.0
124.928
249.856
374.784
499.712
624.64
749.568
874.496
999.424
1124.352
1124.352
1124.352
1124.352
1124.352
1124.352
1124.352
1124.352
1124.352
1124.352
1124.352
1124.352
1124.352
1124.352
1124.352
1124.352
1124.352
1124.352
1124.352
1124.352
1124.352
1124.352
1124.352
1124.352
1186.816
1186.816
1186.816
1186.816
1186.816
1186.816
1186.816
1186.816
1186.816
1186.816
1186.816
1186.816
1186.816
1186.816
1186.816
1186.816
1186.816
1186.816
1186.816
1186.816
1186.816
1186.816
1186.816
1186.816
1186.816
1186.816
1186.816
1186.816
1186.816
1186.816
1186.816
1186.816
1186.816
1186.816
1186.816
1186.816
1186.816
1186.816
1186.816
1186.816
1186.816
1186.816
1186.816
1186.816
1186.816
1186.816
1186.816
1186.816
1186.816
1186.816
1186.816
1186.816
1186.816
1186.816
1186.816
1186.816
1186.816
1249.28
1249.28
1249.28
1249.28
1249.28
1249.28
1249.28
1249.28
1249.28
1249.28
1249.28
1249.28
1249.28
1249.28
1249.28
1249.28
1249.28
1249.28
1249.28
1249.28
1249.28
1249.28
1249.28
1249.28
1249.28
1249.28
1249.28
1249.28
1249.28
1249.28
1249.28
1249.28
1249.28
1249.28
1249.28
1249.28
1249.28
1249.28
1249.28
1249.28
1249.28
1249.28
1249.28
1249.28
1249.28
1249.28
1249.28
1249.28
1249.28
1249.28
1249.28
1249.28
1249.28
1249.28
1249.28
1249.28
1249.28
1249.28
1249.28
1249.28
1249.28
1249.28
1249.28
1249.28
1249.28
1249.28
1249.28
1249.28
1249.28
1249.28
1249.28
1249.28
1249.28
1249.28
1249.28
1249.28
1311.744
1249.28
1249.28
1249.28
1311.744
1311.744
1311.744
1311.744
1311.744
1311.744
1311.744
1311.744
1311.744
1311.744
1311.744
1311.744
1311.744
1249.28
1249.28
1311.744
1311.744
1311.744
1311.744
1311.744
1311.744
1311.744
1311.744
1311.744
1311.744
1311.744
1311.744
1311.744
1311.744
1311.744
1311.744
1311.744
1311.744
1311.744
1311.744
1311.744
1311.744
1311.744
1311.744
1311.744
1311.744
1311.744
1311.744
1311.744
1311.744
1311.744
1311.744
1311.744
1311.744
1311.744
1311.744
1311.744
1311.744
1374.208
1311.744
1311.744
1374.208
1311.744
1311.744
1374.208
1311.744
1311.744
1374.208
1374.208
1374.208
1374.208
1374.208
1374.208
1374.208
1374.208
1374.208
1374.208
1311.744
1311.744
1311.744
1311.744
1374.208
1311.744
1374.208
1374.208
1374.208
1374.208
