0.0
0.0
14.375
9.7
10.95
11.7
12.2
12.525
11.375
11.725
11.95
12.175
12.3625
12.5375
11.8625
12.0375
12.175
12.25
12.2125
12.3
11.8875
11.8375
11.9375
11.7125
11.6875
11.725
11.35
11.45
11.3375
11.3625
11.3375
11.1
11.1875
11.2875
11.2375
11.2125
11.2375
11.05
11.025
10.9375
10.9875
11.0625
11.0625
10.75
10.7625
10.85
10.925
10.9875
11.05
10.9125
10.9375
10.925
10.95
10.9875
10.85
10.8875
10.9625
10.9625
10.975
10.9875
10.8625
10.9
10.9125
10.95
10.975
10.975
10.8375
10.9125
10.925
10.975
11.0125
11.05
10.9625
11.0125
11.0125
11.0375
11.0625
10.9875
11.0
11.025
11.025
11.0125
11.0625
10.975
11.025
11.075
11.0875
11.075
11.1125
11.0125
11.05
11.0625
11.05
11.0875
10.9875
11.0125
11.025
11.0625
11.025
11.0375
10.95
10.95
10.975
11.0
11.0125
11.05
10.95
11.0
10.9875
11.0125
11.05
11.0625
10.975
11.0
11.0125
11.0375
11.05
10.9875
11.0
11.0125
10.975
10.975
10.9625
10.9125
10.9375
10.9375
10.9625
10.975
10.975
10.925
10.9625
10.9625
11.0
11.0
11.0125
10.975
10.9875
11.0125
11.025
11.0375
11.0
11.0
11.0125
11.025
11.0625
11.0875
11.05
11.0375
11.075
11.075
11.0875
11.1
11.05
11.05
11.0625
11.0875
11.0875
11.0875
11.0125
11.0125
11.0
11.0
11.0
10.9625
10.975
10.9875
11.0125
11.0125
11.0375
10.9875
11.0125
11.0125
11.025
11.025
11.025
10.975
10.9875
10.975
10.975
10.9875
10.925
10.95
10.975
10.95
10.9625
10.975
10.925
10.9375
10.95
10.95
10.95
10.975
10.925
10.9375
10.95
10.9375
10.9375
10.925
10.9
10.9125
10.9375
10.925
10.9375
10.9125
10.925
10.95
10.95
10.95
10.9625
10.925
10.925
10.9375
10.95
10.95
10.9625
10.925
10.925
10.925
10.9375
10.925
10.8875
10.8875
10.9
10.8875
10.875
10.9
10.8375
10.85
10.85
10.8625
10.8875
10.875
10.825
10.8125
10.8375
10.825
10.8375
10.8375
10.8
10.8
10.8
10.8
10.825
10.7875
10.8
10.8125
10.825
10.8375
10.85
10.8125
10.8125
10.825
