0.0
0.0
15.875
15.25
15.0125
11.975
12.3875
12.6375
12.875
13.125
13.25
12.25
12.45
12.5625
12.6875
12.8
12.25
12.25
12.375
12.4875
12.5
12.6
11.9875
12.1
12.1125
12.175
12.25
12.2625
11.9375
11.9875
12.0125
12.1
12.1875
12.2125
11.925
11.95
12.0125
12.025
12.0125
11.825
11.8875
11.925
11.8625
11.9375
11.975
11.8
11.8625
11.9
11.925
11.95
11.9625
11.825
11.8375
11.875
11.9
11.9625
11.8
11.825
11.8625
11.875
11.925
11.9625
11.8
11.8625
11.8625
11.9
11.925
11.95
11.825
11.8625
11.9
11.9125
11.95
11.9625
11.875
11.875
11.9125
11.95
11.95
11.8375
11.85
11.875
11.9
11.9375
11.975
11.875
11.9
11.9
11.925
11.9625
11.95
11.85
11.8875
11.9125
11.9125
11.925
11.9625
11.85
11.875
11.9
11.9
11.925
11.85
11.8625
11.8875
11.9125
11.925
11.9375
11.8625
11.8875
11.9
11.9125
11.925
11.95
11.875
11.9
11.9
11.925
11.925
11.8
11.825
11.8375
11.85
11.875
11.875
11.825
11.825
11.85
11.85
11.8625
11.875
11.825
11.8375
11.8625
11.875
11.8875
11.9125
11.8625
11.8625
11.8875
11.8875
11.9
11.85
11.875
11.9
11.9
11.925
11.9375
11.875
11.9
11.9
11.9125
11.9125
11.925
11.8875
11.8875
11.8625
11.8875
11.8875
11.825
11.8375
11.85
11.8625
11.8625
11.875
11.8375
11.8375
11.85
11.8625
11.875
11.875
11.825
11.8125
11.825
11.8375
11.85
11.8625
11.8
11.825
11.825
11.8375
11.85
11.8
11.8125
11.825
11.8375
11.8375
11.8375
11.8
11.8
11.8
11.8125
11.85
11.8625
11.8125
11.825
11.8375
11.8375
11.85
11.825
11.8125
11.8375
11.8375
11.85
11.85
11.825
11.825
11.85
11.8375
11.8375
11.85
11.8125
11.8125
11.825
11.8375
11.825
11.8375
11.8
11.8
11.7875
11.8
11.825
11.7875
11.775
11.8
11.7875
11.8125
11.825
11.7875
11.8
11.7875
11.8
11.8
11.8125
11.775
11.775
11.7625
11.775
11.7875
11.8
11.7625
11.775
11.775
11.7875
11.8125
11.7875
11.7875
11.8
11.8125
11.8125
11.825
