0.0
0.625
7.5625
9.95
11.1
11.85
12.3
11.025
11.45
11.775
12.0
12.2375
12.425
11.7625
11.9125
12.0625
12.2125
12.15
11.6875
11.8375
11.95
11.925
11.925
11.8125
11.375
11.475
11.525
11.5625
11.525
11.5625
11.25
11.3375
11.4125
11.45
11.475
11.525
11.2625
11.35
11.3
11.2625
11.3625
11.1875
11.1375
11.1
11.1875
11.2375
11.3
11.15
11.225
11.2625
11.2875
11.3125
11.325
11.1875
11.2375
11.2875
11.325
11.3375
11.3875
11.2375
11.3
11.3
11.3625
11.3625
11.2625
11.2375
11.3
11.325
11.3625
11.4125
11.3
11.325
11.3625
11.4
11.4125
11.4375
11.35
11.3875
11.425
11.3875
11.4125
11.4375
11.3375
11.3875
11.4125
11.4375
11.475
11.35
11.4
11.375
11.4125
11.3875
11.4125
11.3375
11.3375
11.375
11.3625
11.4
11.4
11.3
11.2875
11.3
11.325
11.375
11.275
11.3125
11.3
11.325
11.325
11.3625
11.3
11.3375
11.3375
11.3375
11.3375
11.375
11.3
11.325
11.35
11.3375
11.3125
11.3125
11.2375
11.2625
11.2875
11.275
11.3
11.25
11.2625
11.2625
11.2875
11.3
11.3125
11.25
11.2875
11.3
11.325
11.3625
11.3625
11.3125
11.325
11.3375
11.3375
11.3625
11.3875
11.3125
11.3375
11.3375
11.3625
11.375
11.3125
11.325
11.3375
11.35
11.35
11.3875
12.075
11.3
11.3
11.275
11.3125
11.3125
11.2625
11.2625
11.2875
11.275
11.3125
11.325
11.2875
11.275
11.2875
11.3125
11.3125
11.2625
11.2875
11.2875
11.3
11.2875
11.3
11.2625
11.275
11.2875
11.3
11.3
11.3
11.2875
11.2875
11.3
11.3
11.2875
11.25
11.25
11.2875
11.3
11.3
11.3125
11.25
11.2625
11.275
11.3
11.3
11.3125
11.275
11.2875
11.3125
11.325
11.3125
11.325
11.275
11.3
11.3
11.3
11.3
11.275
11.275
11.2875
11.2875
11.3125
11.3375
11.275
11.275
11.275
11.3
11.2875
11.3125
11.2875
11.2875
11.3
11.3
11.3125
11.2875
11.275
11.275
11.275
11.2875
11.3
11.275
11.2875
11.275
11.3
11.2875
11.3
11.2625
11.275
11.2625
11.275
11.3
11.3
11.275
11.275
11.275
