0.0
1.125
8.0625
10.1625
11.3
11.975
12.3625
11.1125
11.5125
11.85
12.05
12.2625
11.5625
11.775
11.95
12.1125
12.2625
12.275
11.8
11.9375
12.0625
12.1
12.125
12.225
11.8375
11.9375
12.0
12.0125
12.1125
12.1375
11.8125
11.9
11.975
12.0125
12.0625
11.8
11.825
11.9
11.875
11.9125
11.9625
11.775
11.775
11.85
11.8875
11.925
11.9875
11.825
11.875
11.8875
11.9125
11.9375
12.0
11.8125
11.8375
11.875
11.9375
11.975
11.8375
11.85
11.9
11.9125
11.9375
11.9625
11.8375
11.875
11.9125
11.9375
11.9625
12.0125
11.8875
11.925
11.95
11.975
12.0125
12.025
11.925
11.9625
11.975
11.9875
12.0
11.9
11.9375
11.975
11.9875
12.0
12.0375
11.925
11.9375
11.975
11.9875
12.0125
12.0375
11.95
11.975
11.9875
12.0125
12.0125
12.025
11.9375
11.95
11.975
12.0
12.0
11.9375
11.9625
11.975
11.975
12.0
12.025
11.9625
11.9875
11.9875
12.0
12.0
12.025
11.95
11.975
11.9875
11.9625
11.9875
12.025
11.9625
11.95
11.9875
12.0125
12.0125
11.9375
11.9625
11.9625
11.9875
11.9875
12.0125
11.9375
11.9625
11.975
12.0
12.0125
12.025
11.975
11.9875
11.9875
12.0
12.025
12.0375
11.9875
12.0125
12.0125
12.0125
12.0375
11.975
11.9875
12.0
12.025
12.0375
12.0375
11.9875
12.0
12.0
12.0125
12.0125
12.0375
11.975
12.0
12.0
12.0125
12.0125
12.0375
11.9875
11.9875
12.0125
12.025
12.0125
11.9625
11.9875
12.0
12.0
12.0
12.0125
11.9625
11.975
12.0
12.0
12.0
12.0125
11.975
11.975
11.9875
12.0
12.0
11.95
11.975
11.975
11.9875
11.9875
12.0
11.95
11.9625
11.975
11.9875
12.0
12.0125
11.9625
11.975
12.0
12.0
12.0
12.0125
11.9625
11.9875
11.9875
11.9875
12.0
11.9625
11.975
11.9875
11.975
11.9875
12.025
11.975
11.9875
11.975
11.9875
12.0
12.0
11.975
11.9875
11.9875
11.9875
12.0
11.95
11.9625
11.975
11.975
11.975
11.975
11.925
11.9375
11.95
11.9625
11.9625
11.975
11.9375
11.95
11.9625
11.975
11.9875
11.9875
11.9625
11.9625
11.9625
