1000
7000
13000
25000
37000
55000
67000
91000
109000
115000
121000
127000
133000
139000
151000
157000
169000
175000
181000
187000
205000
211000
217000
229000
241000
247000
259000
265000
271000
277000
289000
295000
313000
331000
337000
349000
385000
391000
397000
403000
415000
421000
439000
451000
457000
463000
475000
517000
523000
529000
541000
547000
559000
577000
583000
589000
601000
607000
619000
625000
631000
637000
685000
691000
697000
745000
769000
799000
811000
829000
835000
853000
859000
895000
901000
919000
931000
937000