0.0
0.625
7.625
9.875
11.15
11.85
12.2875
11.05
11.45
11.8
12.0125
12.25
11.275
10.9375
10.775
10.65
10.525
10.325
9.7125
9.65
9.4125
9.2875
9.1625
9.0875
8.6875
8.625
8.6125
8.6125
8.5875
9.175
8.3125
8.2875
8.3125
8.3375
8.35
8.1375
8.1375
8.175
8.175
8.225
8.225
8.075
8.1125
8.15
8.075
8.075
7.9125
7.8875
7.8875
7.875
7.925
8.0375
8.0125
8.1375
8.2375
8.3375
8.4375
8.525
8.4875
8.5625
8.6375
8.7125
8.7875
8.8875
8.825
8.8875
8.975
9.05
9.1125
9.0625
9.125
9.2125
9.2625
9.35
9.4
9.35
9.3875
9.475
9.5125
9.575
9.6125
9.6
9.6375
9.7125
9.725
9.8
9.825
9.8125
9.8375
9.8875
9.9125
9.975
9.9125
9.9625
10.0375
10.0375
10.0875
10.1375
10.075
10.125
10.125
10.175
10.1875
10.2375
10.175
10.225
10.2625
10.3
10.3125
10.35
10.325
10.3375
10.3625
10.4125
10.4375
10.3875
10.425
10.4625
10.4625
10.5125
10.5375
10.5125
10.5
10.55
10.575
10.625
10.65
10.575
10.625
10.65
10.6875
10.675
10.7125
10.6875
10.725
10.7375
10.7375
10.7625
10.75
10.7625
10.8
10.8125
10.825
10.85
10.825
10.8375
10.875
10.8875
10.8875
10.9125
10.8875
10.9125
10.95
10.9625
10.95
10.9875
10.95
10.9625
10.975
11.0
11.025
10.9875
11.0125
11.0
11.025
11.05
11.0625
11.0375
11.0625
11.0875
11.1
11.1
11.1125
11.0875
11.1125
11.125
11.15
11.175
11.1875
11.125
11.1375
11.1625
11.175
11.2
11.175
11.1875
11.2125
11.2125
11.2375
11.2375
11.2
11.225
11.2375
11.25
11.275
11.2875
11.275
11.275
11.2875
11.275
11.3
11.325
11.2875
11.3
11.325
11.3375
11.35
11.325
11.35
11.35
11.325
11.35
11.3625
11.35
11.35
11.35
11.375
11.3875
11.4125
11.375
11.3875
11.4
11.4125
11.425
11.4375
11.3875
11.3875
11.4
11.425
11.425
11.4
11.4125
11.4375
11.45
11.4625
11.4625
11.45
11.4625
11.475
11.4875
11.5
11.4875
11.45
11.4625
11.475
11.5
11.5125
11.5125
11.475
11.4875
11.5
11.525
11.5375
11.5
11.5125
11.525
11.5375
11.5375
11.5375
11.5125
11.5125
11.525
11.5375
11.55
11.5625
11.5375
11.55
11.55
11.575
11.5875
11.6
11.575
11.5875
11.6
11.6125
11.6
11.575
11.5875
11.6
11.5875
11.6
11.5875
11.575
11.5875
11.6
11.6
11.6125
11.625
11.6
11.6125
11.625
11.625
11.6375
11.65
11.6375
11.65
11.6375
11.65
11.6625
11.65
11.6625
11.6625
11.675
11.675
11.6625
11.625
11.6375
11.65
11.6625
11.675
11.6875
11.6625
11.675
11.6875
11.7
11.7
11.7
11.6875
11.7
11.7
11.7125
11.725
11.7
11.7125
11.725
11.7375
11.7375
11.7375
11.725
11.725
11.7375
11.75
11.7375
11.75
11.7125
11.7
11.7125
11.725
11.7375
11.7375
11.725
11.7375
11.7375
11.7375
11.75
11.725
11.7375
11.75
11.75
11.7625
11.775
11.75
11.7625
11.775
11.7875
11.775
11.7875
11.775
11.775
11.7875
11.8
11.8
11.8125
11.7875
11.8
11.8125
11.8125
11.825
11.775
11.7625
11.775
11.7875
11.7875
11.8
11.7875
11.7875
11.8
11.8125
11.8125
11.825
11.8
11.8125
11.8125
11.8125
11.825
11.8375
11.8125
11.825
11.825
11.8375
11.85
11.825
11.8375
11.85
11.85
11.8625
11.8625
11.8375
11.85
11.8625
11.8625
11.8625
11.875
11.85
11.85
11.8625
11.8625
11.875
11.8875
11.8625
11.875
11.875
11.875
11.875
11.8375
11.85
11.85
11.8625
11.8625
11.875
11.85
11.85
11.8625
11.8625
11.875
11.875
11.8625
11.875
11.875
11.8875
11.8875
11.9
11.8875
11.8875
11.9
11.9
11.9125
11.8875
11.8875
11.9
11.9
11.9125
11.9125
11.9
11.9
11.9125
11.9125
11.925
11.925
11.9125
11.925
11.925
11.9375
11.9375
11.95
11.925
11.9375
11.9375
11.95
11.9375
11.925
11.9375
11.9375
11.95
11.95
11.9625
11.9125
11.925
11.925
11.9375
11.925
11.925
11.9125
11.9125
11.925
11.925
11.925
11.9375
11.925
11.925
11.9375
11.9375
11.95
11.925
11.9375
11.9375
11.95
11.95
11.9625
11.9375
11.9375
11.9375
11.95
11.95
11.9625
11.95
11.95
11.9625
11.95
11.9625
11.9625
11.95
11.95
11.9625
11.9625
11.975
11.95
11.95
11.9625
11.9625
11.975
11.975
11.9625
11.95
11.9625
11.975
11.975
11.975
11.9625
11.975
11.975
11.975
11.975
11.975
11.9625
11.975
11.9875
11.9875
11.9875
11.975
11.975
11.975
11.975
11.9875
11.9875
11.975
11.9875
11.9875
12.0
11.9875
11.9875
11.975
11.9875
12.0
11.9875
12.0
12.0
11.9875
11.9875
12.0
11.9875
11.9875
11.9625
11.95
11.95
11.95
11.95
11.9625
11.95
11.95
11.95
11.9625
11.9625
11.975
11.9625
11.9625
11.9625
11.975
11.975
11.9875
11.975
11.975
11.975
11.9875
11.9875
11.975
11.9875
11.9875
11.9875
11.9875
11.9875
11.975
11.9875
11.9875
11.9875
12.0
12.0
11.9875
11.9875
12.0
12.0
12.0125
12.0125
12.0
12.0
12.0
12.0
12.0125
12.0
12.0
12.0
12.0125
12.0125
12.0125
12.0125
12.0125
12.0125
12.025
12.025
12.025
12.0125
12.025
12.025
12.025
12.025
12.025
12.0125
12.025
12.025
12.025
12.0375
12.025
12.025
12.025
12.0375
12.0375
12.0375
12.025
12.025
12.025
12.025
12.025
12.025
12.0125
12.025
12.0125
12.0125
12.025
12.025
12.0125
12.0125
12.025
12.025
12.0125
12.0125
12.0125
12.0125
12.025
12.025
12.025
12.0125
12.025
12.025
12.025
12.0375
12.0375
12.025
12.025
12.0375
12.0375
12.0375
12.05
12.025
12.025
12.0375
12.0375
12.0375
12.025
12.0375
12.0375
12.0375
12.05
12.05
12.0375
12.05
12.05
12.05
12.05
12.0625
12.05
12.05
12.0625
12.0625
12.0625
12.0625
12.05
12.05
12.05
12.0625
12.0625
12.05
12.05
12.0625
12.0625
12.0625
12.0625
12.0625
12.0625
12.0625
12.075
12.075
12.075
12.0625
12.075
12.075
12.075
12.075
12.0875
12.075
12.075
12.0875
12.0875
12.0875
12.075
12.0875
12.0875
12.0875
12.0875
12.1
12.0875
12.0875
12.0875
12.0875
12.0875
12.1
12.0875
12.0875
12.0875
12.1
12.1
12.1
12.075
12.0875
12.0875
12.0875
12.1
12.0875
12.0875
12.0875
12.1
12.1
12.1
12.0875
12.1
12.1
12.0875
12.0875
12.1
12.075
12.075
12.0875
12.0875
12.075
12.075
12.075
12.075
12.075
12.0875
12.075
12.0625
12.0625
12.075
12.075
12.075
12.0875
12.075
12.075
12.075
12.0875
12.0875
12.0875
12.075
12.0875
12.0875
12.0875
12.0875
12.1
12.0875
12.0875
12.0875
12.1
12.1
12.075
12.075
12.0875
12.0875
12.0875
12.0875
12.0875
12.0875
12.1
12.1
12.0875
12.0875
12.0875
12.0875
12.0875
12.0875
12.1
12.1
12.0875
12.0875
12.1
12.1
12.1
12.0875
12.1
12.1
12.1
12.1
12.1125
12.1
12.1
12.1
12.1125
12.1125
12.1125
12.1
12.1125
12.1125
12.1125
12.1125
12.125
12.1125
12.1125
12.1125
12.125
12.125
12.1125
12.1125
12.125
12.125
12.125
12.125
12.125
12.125
12.125
12.125
12.1375
12.125
12.1125
12.1125
12.125
12.125
12.125
12.125
12.125
12.125
12.125
12.125
12.1375
12.125
12.125
12.125
12.1375
12.1375
12.125
12.125
12.125
12.125
12.125
12.1375
12.1375
12.125
12.125
12.1375
12.1375
12.1375
12.1375
12.1375
12.1375
12.1375
12.1375
12.15
12.1375
12.1375
12.1375
12.15
12.15
12.15
12.1375
12.15
12.15
12.15
12.15
12.15
12.15
12.15
12.15
12.15
12.1625
12.1625
12.15
12.15
12.1625
12.1625
12.1625
12.15
12.1625
12.1625
12.1625
12.1625
12.1625
12.1625
12.15
12.15
12.15
12.1625
12.1625
12.15
12.15
12.1625
12.1625
12.1625
12.1625
12.1625
12.1625
12.1625
12.15
12.1625
12.1375
12.1375
12.1375
12.1375
12.15
12.15
12.125
12.125
12.1375
12.1375
12.15
12.15
12.1375
12.125
12.1375
12.1375
12.1375
12.1375
12.1375
12.1375
12.1375
12.1375
12.1375
12.1375
12.1375
12.1375
12.1375
12.15
12.15
12.1375
12.1375
12.15
12.15
12.15
12.15
12.1375
12.15
12.15
12.15
12.15
12.1625
12.15
12.15
12.15
12.15
12.1625
12.15
12.15
12.15
12.1625
12.1625
12.1625
12.15
12.1625
12.1625
12.1625
12.1625
12.1625
12.15
12.15
12.15
12.15
12.1625
12.1625
12.15
12.15
12.1625
12.1625
12.1625
12.15
12.1625
12.1625
12.1625
12.1625
12.1625
12.15
12.15
12.1625
12.1625
12.1625
12.1625
12.15
12.1625
12.1625
12.1625
12.1625
12.1625
12.1625
12.1625
12.1625
12.1625
12.175
12.1625
12.1625
12.1625
12.175
12.175
12.175
12.1625
12.175
12.175
12.175
12.175
12.175
12.175
12.175
12.175
12.175
12.175
12.1875
12.175
12.175
12.175
12.1875
12.1875
12.175
12.175
12.1875
12.1875
12.1875
12.1875
12.175
12.1875
12.1875
12.1875
12.1875
12.1875
12.1875
12.1875
12.1875
12.1875
12.2
12.2
12.1875
12.1875
12.2
12.2
12.2
12.1875
12.1875
12.1875
12.2
12.2
12.2
12.1875
12.1875
12.1875
12.2
12.2
12.2
12.1875
12.2
12.2
12.2
12.2
12.2
12.1875
12.1875
12.1875
12.1875
12.1875
12.1875
12.1875
12.1875
12.1875
12.2
12.2
12.1875
12.1875
12.2
12.2
12.2
12.2
12.1875
12.2
12.2
12.2
12.2
12.2
12.2
12.2
12.2
12.2
12.2
12.2
12.2
12.2
12.2
12.2125
12.2125
12.2
12.2
12.2125
12.2125
12.2125
12.2125
12.2
12.2125
12.2125
12.2125
12.2125
12.2125
12.2
12.2125
12.2125
12.2125
12.2125
12.2
12.2125
12.2125
12.2125
12.2125
12.2125
12.2125
12.2125
12.2125
12.2125
12.2125
12.225
12.2125
12.2125
12.2125
12.225
12.225
12.225
12.2125
12.2125
12.225
12.225
12.225
12.2125
12.225
12.225
12.225
12.225
12.225
12.225
12.225
12.225
12.225
12.225
12.2375
12.225
12.225
12.225
12.225
12.2375
12.2375
12.225
12.225
12.2375
12.2375
12.2375
12.2125
12.225
12.225
12.225
12.225
12.225
12.225
12.225
12.225
12.225
12.2125
12.2125
12.2125
12.2125
12.225
12.2375
12.2375
12.2375
12.225
12.225
12.225
12.225
12.225
12.2125
12.2125
12.2
12.2
12.2
12.2125
12.2
12.2
12.1875
12.2
12.2
12.2
12.1875
12.1875
12.2
12.2
12.2
12.2
12.2
12.2
12.2
12.2
12.2
12.2
12.2
12.2
12.2
12.2
12.2
12.2
12.2
12.2
12.2
12.2125
12.2125
12.2
12.2
12.2
12.2125
12.2125
12.2125
12.2
12.2125
12.2125
12.2125
12.2125
12.2
12.2125
12.2125
12.2125
12.2125
12.2125
12.2125
12.2125
12.2125
12.2125
12.2125
12.2125
12.2125
12.2125
12.2125
12.2125
12.2125
12.2125
12.2125
12.2125
12.2125
12.2125
12.2125
12.2125
12.2125
12.2125
12.2125
12.2125
12.225
12.2125
12.2125
12.2125
12.225
12.225
12.225
12.2125
12.2125
12.225
12.225
12.225
12.225
12.225
12.225
12.225
12.225
12.225
12.225
12.225
12.225
12.225
12.225
12.225
12.225
12.225
12.225
12.225
12.225
12.2375
12.225
12.225
12.225
12.2375
12.2375
12.2375
12.225
12.2125
12.225
12.225
12.225
12.2125
12.225
12.225
12.225
12.225
12.225
12.225
12.225
12.225
12.2375
12.2375
12.2375
12.225
12.225
12.225
12.225
12.225
12.225
12.225
12.225
12.225
12.225
12.225
12.225
12.225
12.225
12.225
12.225
12.225
12.225
12.225
12.225
12.225
12.225
12.2375
12.225
12.225
12.225
12.2375
12.2375
12.2375
12.225
12.225
12.2375
12.2375
12.2375
12.225
12.2375
12.2375
12.2375
12.2375
12.2375
12.2375
12.2375
12.2375
12.2375
12.2375
12.2375
12.2375
12.2375
12.2375
12.2375
12.2375
12.25
12.2375
12.2375
12.2375
12.2375
12.25
12.2375
12.2375
12.2375
12.25
12.25
12.25
12.2375
12.2375
12.2375
12.2375
12.2375
12.25
12.2375
12.2375
12.2375
12.25
12.25
12.25
12.2375
12.2375
12.25
12.25
12.25
12.2375
12.25
12.25
12.25
12.25
12.25
12.25
12.25
12.25
12.25
12.25
12.25
12.25
12.25
12.25
12.25
12.25
12.25
12.25
12.25
12.25
12.25
12.25
12.25
12.25
12.25
12.25
12.2625
12.2625
12.25
12.25
12.25
12.2625
12.2625
12.2625
12.25
12.2625
12.2625
12.2625
12.2625
12.2625
12.2625
12.2625
12.2625
12.2625
12.2625
12.2625
12.2625
12.2625
12.2625
12.2625
12.2625
12.2625
12.2625
12.2625
12.2625
12.2625
12.2625
12.2625
12.2625
12.2625
12.2625
12.2625
12.2625
12.2625
12.2625
12.2625
12.2625
12.2625
12.2625
12.2625
12.2625
12.2625
12.2625
12.275
12.2625
12.2625
12.2625
12.2625
12.275
12.2625
12.25
12.25
12.2625
12.2625
12.2625
12.2625
12.25
12.2625
12.2625
12.2625
12.2625
12.25
12.2625
12.2625
12.2625
12.2625
12.2625
12.2625
12.2625
12.2625
12.2625
12.2625
12.2625
12.2625
12.2625
12.2625
12.2625
12.2625
12.2625
12.2625
12.2625
12.2625
12.2625
12.2625
12.2625
12.2625
12.2625
12.2625
12.275
12.275
12.2625
12.2625
12.2625
12.2625
12.2625
12.2625
12.2625
12.2625
12.2625
12.2625
12.275
12.275
12.2625
12.2625
12.2625
12.275
12.275
12.2625
12.2625
12.275
12.275
12.275
12.275
12.2625
12.275
12.275
12.275
12.275
12.275
12.275
12.275
12.275
12.275
12.275
12.275
12.275
12.275
12.275
12.275
12.275
12.275
12.275
12.275
12.275
12.275
12.275
12.275
12.275
12.275
12.275
12.275
12.2875
12.275
12.275
12.275
12.275
12.2875
12.2875
12.275
12.275
12.2875
12.2875
12.2875
12.275
12.275
12.275
12.275
12.275
12.2875
12.275
12.275
12.275
12.2875
12.2875
12.2875
12.275
12.275
12.2875
12.2875
12.2875
12.2875
12.2875
12.2875
12.2875
12.2875
12.2875
12.2875
12.2875
12.2875
12.2875
12.2875
12.2875
12.2875
12.2875
12.2875
12.2875
12.2875
12.2875
12.2875
12.2875
12.2875
12.2875
12.2875
12.2875
12.2875
12.2875
12.2875
12.2875
12.2875
12.2875
12.2875
12.2875
12.2875
12.2875
12.3
12.2875
12.2875
12.2875
12.3
12.3
12.3
12.2875
12.2875
12.3
12.3
12.3
12.3
12.3
12.3
12.3
12.3
12.3
12.2875
12.2875
12.2875
12.3
12.3
12.3
12.2875
12.2875
12.3
12.3
12.3
12.3
12.3
12.3
12.3
12.3
12.3
12.3
12.3
12.3
12.3
12.3
12.3
12.3
12.3
12.3
12.3
12.3
12.3
12.3
12.3
12.3
12.275
12.275
12.275
12.2625
12.2625
12.2625
12.2625
12.25
12.2625
12.25
12.25
12.25
12.25
12.2625
12.25
12.25
12.25
12.25
12.2625
12.2625
12.25
12.25
12.2625
12.2625
12.2625
12.2625
12.25
12.2625
12.2625
12.2625
12.2625
12.2625
12.2625
12.25
12.2625
12.2625
12.2625
12.25
12.25
12.2625
12.2625
12.2625
12.2625
12.25
12.2625
12.2625
12.2625
12.2625
12.2625
12.2625
12.2625
12.2625
12.2625
12.2625
12.2625
12.2625
12.2625
12.2625
12.2625
12.2625
12.2625
12.2625
12.2625
12.2625
12.2625
12.2625
12.2625
12.2625
12.2625
12.2625
12.2625
12.2625
12.2625
12.2625
12.2625
12.2625
12.2625
12.275
12.2625
12.2625
12.2625
12.2625
12.275
12.2625
12.2625
12.2625
12.275
12.275
12.275
12.2625
12.2625
12.275
12.275
12.275
12.275
12.2625
12.275
12.275
12.275
12.275
12.275
12.2625
12.2625
12.275
12.275
12.275
12.2625
12.2625
12.275
12.275
12.275
12.275
12.2625
12.275
12.275
12.275
12.275
12.275
12.275
12.275
12.275
12.275
12.275
12.275
12.275
12.275
12.275
12.275
12.275
12.275
12.275
12.275
12.275
12.275
12.275
12.275
12.275
12.275
12.275
12.275
12.275
12.275
12.275
12.275
12.275
12.275
12.2875
12.275
12.275
12.275
12.275
12.2875
12.275
12.275
12.275
12.275
12.2875
12.2875
12.275
12.275
12.275
12.2875
12.2875
12.2875
12.275
12.2875
12.275
12.275
12.2875
12.2875
12.275
12.275
12.275
12.2875
12.2875
12.275
12.275
12.275
12.2875
12.2875
12.2875
12.275
12.2875
12.2875
12.2875
12.2875
12.2875
12.2875
12.2875
12.2875
12.2875
12.2875
12.2875
12.2875
12.2875
12.2875
12.2875
12.2875
12.2875
12.2875
12.2875
12.2875
12.2875
12.2875
12.2875
12.2875
12.2875
12.2875
12.2875
12.2875
12.2875
12.2875
12.2875
12.2875
12.2875
12.2875
12.2875
12.2875
12.2875
12.2875
12.2875
12.2875
12.2875
12.2875
12.2875
12.2875
12.3
12.2875
12.2875
12.2875
12.2875
12.3
12.3
12.2875
12.2875
12.2875
12.3
12.2875
12.3
12.2875
12.2875
12.2875
12.2875
12.3
12.2875
12.2875
12.2875
12.2875
12.3
12.3
12.2875
12.2875
12.2875
12.3
12.3
12.3
12.2875
12.2875
12.3
12.3
12.3
12.3
12.3
12.3
12.3
12.3
12.3
12.3
12.3
12.3
12.3
12.3
12.3
12.3
12.3
12.3
12.3
12.3
12.3
12.3
12.3
12.3
12.3
12.3
12.3
12.3
12.3
12.3
12.2875
12.2875
12.2875
12.2875
12.2875
12.2875
12.2875
12.2875
12.2875
12.2875
12.2875
12.2875
12.3
12.3
12.3
12.3
12.3
12.3
12.3
12.3
12.3
12.3
12.3
12.3
12.3
12.2875
12.2875
12.2875
12.2875
12.2875
12.2875
12.2875
12.2875
12.2875
12.2875
12.2875
12.3
12.2875
12.2875
12.2875
12.2875
12.3
12.3
12.2875
12.2875
12.3
12.3
12.3
12.2875
12.2875
12.3
12.3
12.3
12.3
12.2875
12.3
12.3
12.3
12.3
12.3
12.3
12.3
12.3
12.3
12.3
12.3
12.3
12.3
12.3
12.3
12.3
12.3
12.3
12.3
12.3
12.3
12.3
12.3
12.3
12.3
12.3
12.3
12.3
12.3
12.3
12.3
12.3
12.3
12.3
12.3
12.3
12.3
12.3
12.3
12.3
12.3
12.3
12.3
12.3
12.3
12.3
12.3
12.3
12.3
12.3
12.3
12.3
12.3
12.3
12.3
12.3
12.3
12.3
12.3
12.3
12.3
12.3
12.3
12.3
12.3
12.3
12.3
12.3
12.3
12.3
12.3
12.3
12.3125
12.3125
12.3
12.3
12.3
12.3125
12.3125
12.3125
12.3
12.3
12.3125
12.3125
12.3125
12.3
12.3
12.3125
12.3125
12.3125
12.3125
12.3
12.3125
12.3
12.3125
12.3125
12.3125
12.3
12.3
12.3125
12.3125
12.3125
12.3125
12.3
12.3125
12.3125
12.3125
12.3125
12.3
12.3125
12.3125
12.3125
12.3125
12.3125
12.3125
12.3125
12.3125
12.3125
12.3125
12.3125
12.3125
12.3125
12.3125
12.3125
12.3125
12.3125
12.3125
12.3125
12.3125
12.3125
12.3125
12.3125
12.3125
12.3125
12.3125
12.3125
12.3125
12.3125
12.3125
12.3125
12.3125
12.3125
12.3125
12.3125
12.3125
12.3125
12.3125
12.3125
12.3125
12.3125
12.3125
12.3125
12.3125
12.3125
12.3125
12.3125
12.3125
12.3125
12.3125
12.3125
12.3125
12.3125
12.3125
12.3125
12.3125
12.3125
12.3125
12.3125
12.3125
12.3125
12.3125
12.3125
12.3125
12.3125
12.3125
12.3125
12.3125
12.3125
12.3125
12.3125
12.3125
12.3125
12.325
12.3125
12.3125
12.3125
12.3125
12.325
12.325
12.3125
12.3125
12.3125
12.325
12.325
12.325
12.3125
12.3125
12.325
12.325
12.325
12.3125
12.325
12.325
12.325
12.325
12.325
12.325
12.325
12.325
12.325
12.325
12.325
12.325
12.325
12.325
12.325
12.325
12.325
12.325
12.325
12.325
12.325
12.325
12.325
12.325
12.325
12.325
12.325
12.325
12.325
12.325
12.325
12.325
12.325
12.325
12.325
12.325
12.325
12.325
12.325
12.325
12.325
12.325
12.325
12.325
12.325
12.325
12.325
12.325
12.325
12.325
12.325
12.325
12.325
12.325
12.325
12.325
12.325
12.325
12.325
12.325
12.325
12.325
12.325
12.325
12.325
12.325
12.325
12.325
12.325
12.325
12.325
12.325
12.325
12.325
12.325
12.325
12.325
12.325
12.325
12.325
12.325
12.325
12.325
12.325
12.325
12.325
12.325
12.325
12.325
12.325
12.325
12.325
12.325
12.325
12.325
12.325
12.325
12.325
12.325
12.325
12.325
12.325
12.3375
12.325
12.325
12.325
12.325
12.3375
12.3375
12.325
12.325
12.325
12.3375
12.3375
12.3375
12.325
12.325
12.3375
12.3375
12.3375
12.325
12.3375
12.3375
12.3375
12.3375
12.3375
12.3375
12.3375
12.3375
12.3375
12.3375
12.3375
12.3375
12.3375
12.3375
12.3375
12.3375
12.3375
12.3375
12.3375
12.3375
12.3375
12.3375
12.3375
12.3375
12.3375
12.3375
12.3375
12.3375
12.3375
12.3375
12.3375
12.3375
12.3375
12.3375
12.3375
12.3375
12.3375
12.3375
12.3375
12.3375
12.3375
12.3375
12.3375
12.3375
12.3375
12.3375
12.3375
12.3375
12.3375
12.3375
12.3375
12.3375
12.3375
12.3375
12.3375
12.3375
12.3375
12.3375
12.3375
12.3375
12.3375
12.3375
12.3375
12.3375
12.3375
12.3375
12.3375
12.3375
12.325
12.325
12.325
12.325
12.325
12.325
12.325
12.325
12.325
12.325
12.325
12.325
12.325
12.325
12.325
12.325
12.325
12.325
12.325
12.325
12.325
12.325
12.3375
12.325
12.325
12.325
12.325
12.3375
12.3375
12.325
12.325
12.325
12.3375
12.3375
12.3375
12.325
12.325
12.325
12.325
12.325
12.3375
12.325
12.325
12.325
12.325
12.3375
12.325
12.325
12.325
12.325
12.3375
12.3375
12.325
12.325
12.325
12.3375
12.3375
12.3375
12.325
12.325
12.3375
12.3375
12.3375
12.3375
12.325
12.3375
12.3375
12.3375
12.3375
12.325
12.3375
12.3375
12.3375
12.3375
12.3375
12.3375
12.3375
12.3375
12.3375
12.3375
12.3375
12.3375
12.3375
12.3375
12.3375
12.3375
12.3375
12.3375
12.3375
12.3375
12.3375
12.3375
12.3375
12.3375
12.3375
12.3375
12.3375
12.3375
12.3375
12.3375
12.3375
12.3375
12.3375
12.3375
12.3375
12.3375
12.3375
12.3375
12.3375
12.3375
12.3375
12.3375
12.3375
12.3375
12.3375
12.3375
12.3375
12.3375
12.3375
12.3375
12.3375
12.3375
12.3375
12.3375
12.3375
12.3375
12.3375
12.3375
12.3375
12.3375
12.3375
12.3375
12.3375
12.3375
12.3375
12.3375
12.3375
12.3375
12.3375
12.3375
12.3375
12.3375
12.3375
12.3375
12.3375
12.3375
12.3375
12.3375
12.3375
12.3375
12.3375
12.3375
12.3375
12.3375
12.3375
12.3375
12.3375
12.3375
12.3375
12.3375
12.3375
12.3375
12.3375
12.3375
12.3375
12.3375
12.35
12.3375
12.3375
12.3375
12.3375
12.3375
12.3375
12.3375
12.3375
12.3375
12.3375
12.3375
12.3375
12.3375
12.3375
12.3375
12.3375
12.3375
12.3375
12.3375
12.3375
12.3375
12.35
12.35
12.3375
12.3375
12.3375
12.35
12.35
12.35
12.3375
12.3375
12.35
12.35
12.35
12.35
12.3375
12.35
12.35
12.35
12.35
12.3375
12.35
12.35
12.35
12.35
12.35
12.35
12.35
12.35
12.35
12.35
12.35
12.35
12.35
12.35
12.35
12.35
12.35
12.35
12.35
12.35
12.35
12.35
12.35
12.35
12.35
12.35
12.35
12.35
12.35
12.35
12.35
12.35
12.35
12.35
12.35
12.35
12.35
12.35
12.35
12.35
12.35
12.35
12.35
12.35
12.35
12.35
12.35
12.35
12.35
12.35
12.35
12.35
12.35
12.35
12.35
12.35
12.35
12.35
12.35
12.35
12.35
12.35
12.35
12.35
12.35
12.35
12.35
12.35
12.35
12.35
12.35
12.35
12.35
12.35
12.35
12.35
12.35
12.35
12.35
12.35
12.35
12.35
12.35
12.35
12.35
12.35
12.35
12.35
12.35
12.35
12.35
12.35
12.35
12.35
12.35
12.35
12.35
12.35
12.35
12.35
12.35
12.35
12.35
12.35
12.35
12.35
12.35
12.35
12.35
12.35
12.35
12.35
12.35
12.35
12.35
12.35
12.35
12.35
12.35
12.35
12.35
12.35
12.35
12.35
12.35
12.35
12.35
12.35
12.35
12.35
12.3625
12.3625
12.35
12.35
12.35
12.3625
12.3625
12.35
12.35
12.35
12.3625
12.3625
12.3625
12.35
12.35
12.3625
12.3625
12.3625
12.3625
12.35
12.3625
12.3625
12.3625
12.3625
12.3625
12.3625
12.3625
12.3625
12.3625
12.3625
12.35
12.35
12.35
12.3625
12.3625
12.3625
12.35
12.35
12.3625
12.3625
12.3625
12.3625
12.35
12.3625
12.3625
12.3625
12.3625
12.3625
12.3625
12.3625
12.3625
12.3625
12.3625
12.3625
12.3625
12.3625
12.3625
12.3625
12.3625
12.3625
12.3625
12.3625
12.3625
12.3625
12.3625
12.3625
12.3625
12.3625
12.3625
12.3625
12.3625
12.3625
12.3625
12.3625
12.3625
12.3625
12.3625
12.3625
12.3625
12.3625
12.3625
12.3625
12.3625
12.3625
12.3625
12.3625
12.3625
12.3625
12.3625
12.3625
12.3625
12.3625
12.3625
12.3625
12.3625
12.3625
12.35
12.35
12.35
12.35
12.3625
12.3625
12.3625
12.3625
12.3625
12.3625
12.3625
12.3625
12.3625
12.3625
12.3625
12.3625
12.3625
12.35
12.35
12.35
12.35
12.35
12.35
12.35
12.35
12.35
12.35
12.35
12.35
12.35
12.35
12.35
12.35
12.35
12.35
12.35
12.35
12.35
12.3375
12.3375
12.3375
12.3375
12.3375
12.3375
12.3375
12.3375
12.3375
12.325
12.325
12.325
12.325
12.325
12.325
12.325
12.325
12.325
12.325
12.325
12.325
12.325
12.325
12.325
12.325
12.325
12.325
12.325
12.325
12.325
12.325
12.325
12.325
12.3375
12.325
12.325
12.325
12.325
12.325
12.325
12.325
12.325
12.325
12.325
12.325
12.325
12.325
12.325
12.325
12.325
12.325
12.325
12.325
12.325
12.325
12.325
12.3375
12.325
12.325
12.325
12.325
12.3375
12.3375
12.325
12.325
12.325
12.3375
12.3375
12.3375
12.325
12.325
12.3375
12.3375
12.3375
12.325
12.325
12.3375
12.3375
12.3375
12.3375
12.325
12.3375
12.3375
12.3375
12.3375
12.3375
12.3375
12.3375
12.3375
12.3375
12.3375
12.3375
12.3375
12.3375
12.3375
12.3375
12.3375
12.3375
12.3375
12.3375
12.3375
12.3375
12.3375
12.325
12.3375
12.3375
12.3375
12.3375
12.3375
12.3375
12.3375
12.3375
12.3375
12.3375
12.3375
12.3375
12.3375
12.3375
12.3375
12.3375
12.3375
12.3375
12.3375
12.3375
12.3375
12.3375
12.3375
12.3375
12.3375
12.3375
12.3375
12.3375
12.3375
12.3375
12.3375
12.3375
12.3375
12.3375
12.3375
12.3375
12.3375
12.3375
12.3375
12.3375
12.3375
12.3375
12.3375
12.3375
12.3375
12.3375
12.3375
12.3375
12.3375
12.3375
12.3375
12.3375
12.3375
12.3375
12.3375
12.3375
12.3375
12.3375
12.3375
12.3375
12.325
12.325
12.325
12.325
12.325
12.325
12.3375
12.3375
12.3375
12.3375
12.3375
12.3375
12.3375
12.3375
12.3375
12.3375
12.3375
12.3375
12.3375
12.3375
12.3375
12.3375
12.3375
12.3375
12.3375
12.3375
12.3375
12.3375
12.3375
12.3375
12.3375
12.3375
12.3375
12.3375
12.3375
12.325
12.325
12.325
12.325
12.325
12.325
12.325
12.325
12.325
12.325
12.325
12.325
12.325
12.325
12.3375
12.3375
12.3375
12.3375
12.3375
12.3375
12.3375
12.3375
12.3375
12.3375
12.3375
12.3375
12.3375
12.3375
12.3375
12.3375
12.3375
12.3375
12.3375
12.3375
12.325
12.325
12.325
12.325
12.325
12.325
12.325
12.325
12.325
12.325
12.325
12.325
12.325
12.325
12.325
12.325
12.325
12.325
12.325
12.325
12.325
12.325
12.325
12.325
12.325
12.325
12.325
12.325
12.325
12.325
