0.0
0.0
15.125
14.8125
14.725
11.825
12.275
12.6
12.6
12.6
12.85
11.875
12.0875
12.3125
12.45
12.5625
12.7125
12.05
11.95
12.0625
12.075
11.975
11.9625
11.45
11.3625
11.35
11.3
11.35
10.95
10.9375
10.9375
11.025
11.125
11.1375
10.875
10.875
10.8625
10.85
10.875
10.8625
10.65
10.6625
10.6875
10.675
10.6875
10.4875
10.55
10.6125
10.675
10.7125
10.725
10.5625
10.6125
10.6375
10.65
10.7125
10.7125
10.5875
10.6375
10.65
10.6625
10.6625
10.525
10.5375
10.6
10.6
10.625
10.675
10.5875
10.625
10.6625
10.7125
10.7625
10.7875
10.6875
10.725
10.775
10.8
10.85
10.8375
10.75
10.7625
10.8
10.85
10.85
10.8
10.8125
10.8125
10.825
10.85
10.8625
10.7875
10.8125
10.8625
10.8625
10.9
10.925
10.8375
10.85
10.925
10.95
10.975
10.9
10.9375
10.9625
11.025
11.0375
11.0625
10.9875
11.0125
11.025
11.05
11.075
11.1125
11.025
11.05
11.05
11.0875
11.1
11.1
11.0375
11.05
11.05
11.05
11.0875
11.025
11.0375
11.0625
11.0875
11.0875
11.125
11.075
11.075
11.1
11.125
11.15
11.1875
11.125
11.1375
11.1625
11.1875
11.2125
11.15
11.175
11.2125
11.2125
11.25
11.25
11.2125
11.2125
11.25
11.25
11.2625
11.2875
11.2375
11.25
11.275
11.2875
11.3
11.2375
11.2625
11.275
11.275
11.3
11.325
11.2875
11.2875
11.3125
11.325
11.3375
11.3625
11.2875
11.325
11.3375
11.3375
11.3625
11.3
11.325
11.325
11.3375
11.35
11.3625
11.3125
11.3125
11.325
11.3375
11.3375
11.3625
11.3125
11.3375
11.325
11.35
11.35
11.3125
11.3125
11.325
11.35
11.35
11.35
11.3125
11.3125
11.3125
11.3125
11.325
11.35
11.3
11.3375
11.35
11.35
11.35
11.325
11.3375
11.325
11.3375
11.3375
11.35
11.325
11.325
11.325
11.3375
11.3375
11.35
11.3
11.3125
11.325
11.35
11.35
11.3
11.325
11.3375
11.3375
11.35
11.375
11.3375
11.35
11.35
11.3625
11.3625
11.375
11.3375
11.35
11.3625
11.3625
11.3625
11.325
11.3375
11.35
11.35
11.375
11.3875
11.35
11.35
11.375
11.3875
11.4
11.4
11.3625
11.3875
11.4
11.4
11.4125
11.375
11.4
11.4125
11.4125
11.4125
11.425
11.4125
11.4125
11.4375
11.4375
11.4375
11.4375
11.425
11.425
11.45
11.45
11.45
11.4375
11.45
11.45
11.45
11.4875
11.5
11.4625
11.4625
11.4625
11.475
11.475
11.5
11.4625
