0.0
0.0
7.5625
9.8875
11.1125
11.825
12.275
12.6
11.2125
11.6
11.8375
12.0875
12.275
11.625
11.8
11.9625
12.1125
12.1875
12.2375
11.7875
11.875
11.8875
11.9125
11.9375
11.9125
11.55
11.5875
11.575
11.55
11.5875
11.6375
11.3625
11.4375
11.4875
11.525
11.5875
11.325
11.3875
11.3625
11.4
11.4625
11.525
11.275
11.325
11.3875
11.45
11.5125
11.5625
11.4
11.425
11.4625
11.4875
11.5375
11.55
11.4125
11.475
11.5
11.525
11.5625
11.4
11.4625
11.4625
11.5
11.5375
11.575
11.4125
11.45
11.4875
11.5125
11.575
11.6
11.4875
11.5
11.5375
11.575
11.6
11.625
11.5375
11.5375
11.5625
11.575
11.6
11.5125
11.525
11.5625
11.5875
11.625
11.625
11.55
11.55
11.5875
11.575
11.5875
11.625
11.5375
11.575
11.575
11.5875
11.5875
11.5875
11.5
11.5375
11.5625
11.5625
11.5875
11.5125
11.5375
11.55
11.575
11.5875
11.6125
11.55
11.5625
11.575
11.6
11.625
11.6375
11.55
11.575
11.575
11.575
11.5875
11.6125
11.525
11.5375
11.575
11.5875
11.6125
11.5375
11.55
11.575
11.575
11.6125
11.625
11.575
11.6
11.6125
11.6375
11.65
11.65
11.6
11.6125
11.65
11.6375
11.65
11.675
11.6375
11.625
11.6375
11.6375
11.65
11.6125
11.6
11.6
11.6375
11.6625
11.65
11.5875
11.575
11.575
11.575
11.5625
11.575
11.525
11.55
11.5625
11.5625
11.5875
11.5875
11.5375
11.55
11.5625
11.5625
11.575
11.525
11.525
11.5375
11.55
11.55
11.55
11.5125
11.525
11.5375
11.5375
11.5375
11.55
11.5125
11.525
11.525
11.5625
11.5375
11.55
11.4875
11.5
11.5125
11.5375
11.5375
11.5
11.525
11.5375
11.5375
11.5375
11.5625
11.4875
11.5125
11.525
11.55
11.5625
11.55
11.5125
11.525
11.525
11.525
11.525
11.5
11.5125
11.525
11.5375
11.55
11.55
11.5
11.5
11.5125
11.5125
11.525
11.5375
11.4875
11.525
11.525
11.5375
11.5375
11.5375
11.5
11.5
11.5125
11.525
11.5375
11.5125
11.5
11.5
11.5125
11.525
11.525
11.5
11.5125
11.5375
11.5375
11.5625
11.5625
11.525
11.525
