0.0
0.0
15.25
9.925
11.15
11.85
12.3125
12.6375
12.8875
11.7875
12.0
12.2375
12.4375
12.5625
12.6875
12.1
12.25
12.375
12.275
12.3875
11.9375
12.0625
11.9875
12.1125
12.05
12.15
11.8125
11.775
11.75
11.8375
11.8125
11.8875
11.6375
11.725
11.7
11.7125
11.7875
11.85
11.45
11.5125
11.5625
11.625
11.5625
11.3625
11.4375
11.5
11.5625
11.625
11.6625
11.4875
11.4875
11.525
11.5875
11.65
11.6125
11.5
11.4875
11.5375
11.575
11.6
11.625
11.5
11.55
11.5625
11.5875
11.6375
11.5
11.5375
11.5375
11.6
11.625
11.65
11.5375
11.55
11.575
11.625
11.6625
11.7
11.5625
11.55
11.6125
11.625
11.6625
11.575
11.5875
11.6125
11.6375
11.675
11.6625
11.5875
11.5875
11.6
11.6375
11.6625
11.6625
11.5875
11.625
11.625
11.65
11.6375
11.6625
11.6
11.6
11.6125
11.65
11.675
11.5875
11.6125
11.6375
11.6625
11.6625
11.6875
11.625
11.625
11.65
11.675
11.675
11.7
11.6375
11.6
11.625
11.625
11.6375
11.6625
11.5875
11.6125
11.6
11.625
11.65
11.6
11.6125
11.6125
11.6375
11.6625
11.6875
11.6375
11.6375
11.65
11.675
11.6875
11.7125
11.65
11.6625
11.6875
11.7
11.725
11.75
11.6875
11.6875
11.7
11.7125
11.7375
11.6625
11.6875
11.7
11.7
11.6875
11.725
11.6625
11.6625
11.675
11.6875
11.6875
11.7125
11.675
11.675
11.675
11.7
11.7
11.65
11.6625
11.6875
11.6875
11.6875
11.7
11.6625
11.6625
11.65
11.6625
11.675
11.6875
11.6375
11.65
11.675
11.65
11.675
11.6875
11.65
11.65
11.6375
11.65
11.6625
11.6125
11.625
11.625
11.65
11.6625
11.675
11.6125
11.625
11.6375
11.6625
11.65
11.675
11.6375
11.65
11.65
11.675
11.675
11.675
11.6375
11.65
11.65
11.65
11.6625
11.625
11.6375
11.65
11.6375
11.6375
11.6375
11.5875
11.6
11.6
11.6125
11.625
11.6125
11.575
11.5875
11.6
11.625
11.6125
11.575
11.575
11.5875
11.5875
11.5875
11.6
11.5625
11.575
11.5875
11.5875
11.6
11.625
11.575
11.5875
11.6
11.6
11.6125
11.6
11.5875
