%CPU     %MEM    
 0.0  0.0
PSR %CPU
  3  0.0
  5  0.0
  2  0.0
  0  0.0
  6  0.0
  6  0.0
  0  0.0
  7  0.0
  4  0.0
  1  0.0
  2  0.0
%CPU     %MEM    
 138  0.2
PSR %CPU
  3  3.0
  5  0.0
  2  0.0
  3  117
  6  2.0
  5  2.0
  0  2.0
  7  0.0
  4  0.0
  1  1.0
  2  0.0
%CPU     %MEM    
 128  0.4
PSR %CPU
  3  1.5
  5  0.0
  2  0.0
  3  117
  6  1.0
  5  1.0
  0  1.0
  7  0.0
  4  0.0
  1  0.5
  2  0.0
%CPU     %MEM    
 124  0.6
PSR %CPU
  3  1.0
  5  0.0
  2  0.0
  3  117
  6  0.6
  5  0.6
  0  0.6
  7  0.0
  4  0.0
  1  0.3
  2  0.0
%CPU     %MEM    
98.0  0.7
PSR %CPU
  3  0.6
  5  0.0
  2  0.0
  3 93.8
  6  0.4
  5  0.4
  0  0.4
  7  0.0
  4  0.0
  1  0.2
  2  0.0
%CPU     %MEM    
 101  0.7
PSR %CPU
  3  0.5
  5  0.0
  2  0.0
  3 97.6
  6  0.3
  5  0.3
  0  0.3
  7  0.0
  4  0.0
  1  0.1
  2  0.0
%CPU     %MEM    
 103  0.7
PSR %CPU
  4  0.4
  5  0.0
  2  0.0
  3  100
  6  0.2
  5  0.2
  0  0.2
  7  0.0
  4  0.0
  1  0.1
  2  0.0
%CPU     %MEM    
 105  0.7
PSR %CPU
  4  0.3
  5  0.0
  2  0.0
  3  102
  6  0.2
  5  0.2
  0  0.2
  7  0.0
  4  0.0
  1  0.1
  2  0.0
%CPU     %MEM    
 106  0.7
PSR %CPU
  4  0.3
  5  0.0
  2  0.0
  3  104
  6  0.2
  5  0.2
  0  0.2
  7  0.0
  4  0.0
  1  0.1
  2  0.0
%CPU     %MEM    
 107  0.7
PSR %CPU
  4  0.3
  5  0.0
  2  0.0
  3  105
  6  0.2
  5  0.2
  0  0.2
  7  0.0
  4  0.0
  1  0.1
  2  0.0
%CPU     %MEM    
99.5  0.7
PSR %CPU
  4  0.2
  5  0.0
  2  0.0
  3 97.5
  6  0.1
  5  0.1
  0  0.1
  7  0.0
  4  0.0
  1  0.0
  2  0.0
%CPU     %MEM    
 100  0.7
PSR %CPU
  4  0.2
  5  0.0
  2  0.0
  3 99.1
  6  0.1
  5  0.1
  0  0.1
  7  0.0
  4  0.0
  1  0.0
  2  0.0
%CPU     %MEM    
 102  0.7
PSR %CPU
  4  0.2
  5  0.0
  2  0.0
  3  100
  6  0.1
  5  0.1
  0  0.1
  7  0.0
  4  0.0
  1  0.0
  2  0.0
%CPU     %MEM    
 103  0.7
PSR %CPU
  4  0.2
  5  0.0
  2  0.0
  3  101
  6  0.1
  5  0.1
  0  0.1
  7  0.0
  4  0.0
  1  0.0
  2  0.0
%CPU     %MEM    
 103  0.7
PSR %CPU
  4  0.1
  5  0.0
  2  0.0
  3  102
  6  0.1
  5  0.1
  0  0.1
  7  0.0
  4  0.0
  1  0.0
  2  0.0
%CPU     %MEM    
98.9  0.7
PSR %CPU
  4  0.1
  5  0.0
  2  0.0
  3 97.6
  6  0.1
  5  0.1
  0  0.1
  7  0.0
  4  0.0
  1  0.0
  2  0.0
%CPU     %MEM    
 101  0.7
PSR %CPU
  1  0.2
  5  0.0
  2  0.0
  1 97.2
  3  0.2
  7  0.2
  2  0.2
  6  0.0
  5  0.0
  4  0.0
  0  0.0
%CPU     %MEM    
 101  0.7
PSR %CPU
  1  0.2
  5  0.0
  2  0.0
  1 98.2
  3  0.2
  7  0.2
  2  0.2
  6  0.0
  5  0.0
  4  0.0
  0  0.0
%CPU     %MEM    
 102  0.7
PSR %CPU
  1  0.2
  5  0.0
  2  0.0
  1 99.1
  3  0.2
  7  0.2
  2  0.2
  6  0.0
  5  0.0
  4  0.0
  0  0.0
%CPU     %MEM    
 103  0.7
PSR %CPU
  2  0.3
  3  0.0
  2  0.0
  5 98.8
  4  0.3
  0  0.3
  6  0.3
  2  0.0
  5  0.0
  3  0.0
  7  0.0
%CPU     %MEM    
 104  0.7
PSR %CPU
  2  0.3
  4  0.0
  2  0.0
  3 99.6
  4  0.3
  0  0.3
  6  0.3
  2  0.0
  5  0.0
  3  0.0
  7  0.0
%CPU     %MEM    
 102  0.7
PSR %CPU
  2  0.4
  5  0.0
  7  0.0
  2 94.3
  6  0.4
  1  0.4
  0  0.4
  7  0.0
  3  0.0
  4  0.0
  5  0.0
%CPU     %MEM    
 102  0.7
PSR %CPU
  2  0.4
  5  0.0
  3  0.0
  2 95.2
  6  0.4
  1  0.4
  0  0.4
  7  0.0
  3  0.0
  4  0.0
  5  0.0
%CPU     %MEM    
 103  0.7
PSR %CPU
  2  0.4
  5  0.0
  3  0.0
  2 95.0
  1  0.5
  7  0.5
  0  0.5
  3  0.0
  5  0.0
  4  0.0
  6  0.0
%CPU     %MEM    
 104  0.7
PSR %CPU
  3  0.5
  6  0.0
  3  0.0
  2 95.4
  2  0.5
  7  0.5
  0  0.5
  4  0.0
  7  0.0
  6  0.0
  1  0.0
  0  0.0
  1  0.0
  2  0.0
  1  0.0
  0  0.0
  2  0.0
  6  0.0
%CPU     %MEM    
 105  0.7
PSR %CPU
  1  0.5
  6  0.0
  3  0.0
  1 95.9
  3  0.6
  7  0.5
  2  0.5
  4  0.0
  0  0.0
  6  0.0
  5  0.0
%CPU     %MEM    
 106  0.7
PSR %CPU
  0  0.6
  0  0.0
  3  0.0
  7 95.4
  7  0.7
  1  0.7
  2  0.7
  4  0.0
  3  0.0
  6  0.0
  5  0.0
%CPU     %MEM    
 103  0.7
PSR %CPU
  0  0.6
  0  0.0
  3  0.0
  7 93.1
  7  0.6
  1  0.6
  2  0.6
  4  0.0
  3  0.0
  6  0.0
  5  0.0
%CPU     %MEM    
 104  0.7
PSR %CPU
  0  0.6
  1  0.0
  4  0.0
  0 93.2
  7  0.7
  5  0.7
  6  0.7
  1  0.0
  2  0.0
  4  0.0
  3  0.0
%CPU     %MEM    
 104  0.7
PSR %CPU
  4  0.7
  1  0.0
  5  0.0
  4 93.3
  5  0.7
  2  0.7
  7  0.7
  1  0.0
  6  0.0
  0  0.0
  3  0.0
%CPU     %MEM    
 105  0.7
PSR %CPU
  4  0.7
  1  0.0
  5  0.0
  4 94.0
  5  0.7
  2  0.7
  7  0.7
  1  0.0
  6  0.0
  0  0.0
  3  0.0
%CPU     %MEM    
 105  0.7
PSR %CPU
  4  0.7
  2  0.0
  5  0.0
  4 94.7
  5  0.7
  2  0.7
  7  0.7
  1  0.0
  6  0.0
  0  0.0
  3  0.0
%CPU     %MEM    
 106  0.7
PSR %CPU
  5  0.7
  3  0.0
  5  0.0
  2 94.7
  6  0.8
  4  0.7
  7  0.8
  2  0.0
  0  0.0
  3  0.0
  1  0.0
%CPU     %MEM    
 103  0.7
PSR %CPU
  7  0.7
  4  0.0
  5  0.0
  0 92.3
  1  0.8
  4  0.8
  2  0.8
  0  0.0
  3  0.0
  6  0.0
  5  0.0
%CPU     %MEM    
 104  0.7
PSR %CPU
  2  0.8
  4  0.0
  5  0.0
  2 92.4
  5  0.8
  0  0.8
  7  0.8
  4  0.0
  1  0.0
  6  0.0
  3  0.0
%CPU     %MEM    
 104  0.7
PSR %CPU
  2  0.9
  4  0.0
  5  0.0
  3 92.5
  6  0.9
  1  0.9
  7  0.9
  3  0.0
  4  0.0
  5  0.0
  0  0.0
%CPU     %MEM    
 105  0.7
PSR %CPU
  2  0.9
  5  0.0
  6  0.0
  6 92.6
  3  0.9
  4  0.9
  1  0.9
  0  0.0
  5  0.0
  6  0.0
  3  0.0
  4  0.0
  1  0.0
  4  0.0
  3  0.0
  1  0.0
  3  0.0
  3  0.0
%CPU     %MEM    
 106  0.7
PSR %CPU
  6  1.2
  7  0.0
  7  0.0
  1 91.6
  2  1.1
  7  1.1
  0  1.1
  5  0.0
  1  0.0
  3  0.0
  4  0.0
%CPU     %MEM    
 104  0.7
PSR %CPU
  6  1.2
  7  0.0
  0  0.0
  1 90.1
  2  1.1
  7  1.1
  0  1.1
  5  0.0
  1  0.0
  3  0.0
  4  0.0
%CPU     %MEM    
 105  0.7
PSR %CPU
  6  1.1
  7  0.0
  0  0.0
  1 90.7
  2  1.1
  7  1.1
  0  1.1
  5  0.0
  1  0.0
  3  0.0
  4  0.0
%CPU     %MEM    
 105  0.7
PSR %CPU
  6  1.1
  7  0.0
  0  0.0
  1 91.3
  2  1.0
  7  1.0
  0  1.0
  5  0.0
  1  0.0
  3  0.0
  4  0.0
%CPU     %MEM    
 105  0.7
PSR %CPU
  0  1.3
  7  0.0
  0  0.0
  1 90.0
  7  1.2
  2  1.2
  4  1.2
  6  0.0
  5  0.0
  1  0.0
  3  0.0
%CPU     %MEM    
 106  0.7
PSR %CPU
  0  1.3
  0  0.0
  0  0.0
  1 90.6
  7  1.2
  2  1.2
  4  1.2
  6  0.0
  5  0.0
  1  0.0
  3  0.0
%CPU     %MEM    
 106  0.7
PSR %CPU
  0  1.3
  0  0.0
  0  0.0
  1 91.1
  7  1.2
  2  1.1
  4  1.1
  6  0.0
  5  0.0
  1  0.0
  3  0.0
%CPU     %MEM    
 104  0.7
PSR %CPU
  0  1.2
  0  0.0
  0  0.0
  1 89.9
  7  1.1
  2  1.1
  4  1.1
  6  0.0
  5  0.0
  1  0.0
  3  0.0
%CPU     %MEM    
 104  0.7
PSR %CPU
  0  1.2
  0  0.0
  2  0.0
  1 90.4
  7  1.1
  2  1.1
  4  1.1
  6  0.0
  5  0.0
  1  0.0
  3  0.0
%CPU     %MEM    
 105  0.7
PSR %CPU
  0  1.2
  0  0.0
  2  0.0
  1 90.9
  7  1.1
  2  1.0
  4  1.0
  6  0.0
  5  0.0
  1  0.0
  3  0.0
%CPU     %MEM    
 105  0.7
PSR %CPU
  6  1.2
  0  0.0
  2  0.0
  1 91.1
  5  1.1
  7  1.0
  3  1.0
  2  0.0
  1  0.0
  3  0.0
  0  0.0
  7  0.0
  1  0.0
  0  0.0
  5  0.0
  0  0.0
  0  0.0
  5  0.0
%CPU     %MEM    
 105  0.8
PSR %CPU
  0  1.3
  2  0.0
  2  0.0
  1 91.0
  2  1.1
  7  1.1
  1  1.1
  6  0.0
  3  0.0
  5  0.0
  4  0.0
%CPU     %MEM    
 106  0.7
PSR %CPU
  3  1.3
  2  0.0
  2  0.0
  6 91.1
  7  1.1
  4  1.1
  6  1.1
  0  0.0
  5  0.0
  2  0.0
  1  0.0
%CPU     %MEM    
 104  0.7
PSR %CPU
  3  1.3
  2  0.0
  2  0.0
  6 90.0
  7  1.1
  4  1.1
  6  1.1
  0  0.0
  5  0.0
  2  0.0
  1  0.0
%CPU     %MEM    
 104  0.8
PSR %CPU
  3  1.3
  2  0.0
  4  0.0
  6 90.1
  1  1.1
  6  1.1
  2  1.1
  5  0.0
  0  0.0
  7  0.0
  4  0.0
%CPU     %MEM    
 104  0.8
PSR %CPU
  3  1.3
  4  0.0
  5  0.0
  6 90.4
  6  1.1
  1  1.1
  5  1.1
  5  0.0
  7  0.0
  2  0.0
  4  0.0
  6  0.0
  1  0.0
  4  0.0
  1  0.0
  7  0.0
  4  0.0
  1  0.0
%CPU     %MEM    
 105  0.8
PSR %CPU
  7  1.3
  4  0.0
  0  0.0
  7 90.6
  3  1.1
  1  1.1
  2  1.1
  6  0.0
  0  0.0
  4  0.0
  5  0.0
%CPU     %MEM    
 105  0.8
PSR %CPU
  7  1.3
  4  0.0
  0  0.0
  7 91.1
  3  1.1
  1  1.1
  2  1.1
  6  0.0
  0  0.0
  4  0.0
  5  0.0
%CPU     %MEM    
 104  0.8
PSR %CPU
  0  1.3
  4  0.0
  0  0.0
  7 89.8
  7  1.1
  5  1.1
  2  1.1
  1  0.0
  4  0.0
  3  0.0
  6  0.0
%CPU     %MEM    
 104  0.8
PSR %CPU
  1  1.4
  4  0.0
  1  0.0
  7 89.9
  3  1.1
  2  1.1
  0  1.1
  7  0.0
  6  0.0
  4  0.0
  5  0.0
%CPU     %MEM    
 104  0.8
PSR %CPU
  1  1.3
  4  0.0
  1  0.0
  7 90.3
  3  1.1
  2  1.1
  0  1.1
  7  0.0
  6  0.0
  4  0.0
  5  0.0
%CPU     %MEM    
 105  0.8
PSR %CPU
  2  1.4
  4  0.0
  1  0.0
  7 90.3
  1  1.1
  4  1.1
  3  1.1
  7  0.0
  6  0.0
  5  0.0
  0  0.0
%CPU     %MEM    
 105  0.8
PSR %CPU
  2  1.4
  4  0.0
  2  0.0
  7 90.4
  0  1.2
  7  1.2
  1  1.2
  5  0.0
  3  0.0
  4  0.0
  6  0.0
%CPU     %MEM    
 105  0.8
PSR %CPU
  2  1.5
  0  0.0
  4  0.0
  7 90.6
  6  1.2
  5  1.2
  7  1.2
  4  0.0
  0  0.0
  3  0.0
  1  0.0
%CPU     %MEM    
 104  0.8
PSR %CPU
  2  1.4
  1  0.0
  4  0.0
  7 89.7
  6  1.1
  5  1.1
  7  1.1
  4  0.0
  0  0.0
  3  0.0
  1  0.0
%CPU     %MEM    
 104  0.8
PSR %CPU
  6  1.5
  1  0.0
  4  0.0
  7 89.8
  2  1.2
  7  1.2
  4  1.2
  0  0.0
  3  0.0
  1  0.0
  5  0.0
%CPU     %MEM    
 105  0.8
PSR %CPU
  6  1.4
  1  0.0
  4  0.0
  7 90.1
  2  1.2
  7  1.1
  4  1.1
  0  0.0
  3  0.0
  1  0.0
  5  0.0
%CPU     %MEM    
 105  0.8
PSR %CPU
  4  1.5
  2  0.0
  4  0.0
  7 90.1
  5  1.2
  3  1.2
  6  1.2
  7  0.0
  1  0.0
  2  0.0
  0  0.0
%CPU     %MEM    
 105  0.8
PSR %CPU
  4  1.5
  2  0.0
  4  0.0
  7 90.4
  5  1.2
  3  1.1
  6  1.2
  7  0.0
  1  0.0
  2  0.0
  0  0.0
%CPU     %MEM    
 105  0.8
PSR %CPU
  4  1.5
  2  0.0
  4  0.0
  7 90.8
  5  1.1
  3  1.1
  6  1.1
  7  0.0
  1  0.0
  2  0.0
  0  0.0
%CPU     %MEM    
 104  0.8
PSR %CPU
  4  1.5
  2  0.0
  6  0.0
  7 89.7
  3  1.2
  2  1.1
  7  1.1
  5  0.0
  6  0.0
  0  0.0
  1  0.0
%CPU     %MEM    
 104  0.8
PSR %CPU
  4  1.5
  2  0.0
  6  0.0
  7 90.1
  3  1.1
  2  1.1
  7  1.1
  5  0.0
  6  0.0
  0  0.0
  1  0.0
%CPU     %MEM    
 104  0.8
PSR %CPU
  4  1.5
  4  0.0
  6  0.0
  7 90.4
  3  1.1
  2  1.1
  7  1.1
  5  0.0
  6  0.0
  0  0.0
  1  0.0
%CPU     %MEM    
 105  0.8
PSR %CPU
  5  1.5
  4  0.0
  0  0.0
  7 90.5
  4  1.1
  6  1.1
  1  1.1
  3  0.0
  7  0.0
  0  0.0
  2  0.0
%CPU     %MEM    
 105  0.8
PSR %CPU
  5  1.5
  4  0.0
  0  0.0
  7 90.8
  4  1.1
  6  1.1
  1  1.1
  3  0.0
  7  0.0
  0  0.0
  2  0.0
%CPU     %MEM    
 105  0.8
PSR %CPU
  2  1.5
  6  0.0
  2  0.0
  7 90.9
  4  1.1
  7  1.1
  1  1.1
  3  0.0
  6  0.0
  5  0.0
  0  0.0
%CPU     %MEM    
 104  0.8
PSR %CPU
  2  1.5
  6  0.0
  2  0.0
  7 90.2
  4  1.1
  7  1.1
  1  1.1
  3  0.0
  6  0.0
  5  0.0
  0  0.0
%CPU     %MEM    
 104  0.8
PSR %CPU
  6  1.5
  0  0.0
  2  0.0
  7 90.2
  1  1.1
  7  1.1
  5  1.1
  3  0.0
  2  0.0
  4  0.0
  0  0.0
%CPU     %MEM    
 104  0.8
PSR %CPU
  6  1.5
  0  0.0
  2  0.0
  7 90.5
  1  1.1
  7  1.1
  5  1.1
  3  0.0
  2  0.0
  4  0.0
  0  0.0
%CPU     %MEM    
 105  0.8
PSR %CPU
  6  1.5
  0  0.0
  2  0.0
  7 90.8
  1  1.1
  7  1.1
  5  1.1
  3  0.0
  2  0.0
  4  0.0
  0  0.0
%CPU     %MEM    
 105  0.8
PSR %CPU
  6  1.5
  2  0.0
  3  0.0
  0 90.8
  4  1.1
  0  1.1
  7  1.1
  3  0.0
  5  0.0
  2  0.0
  1  0.0
%CPU     %MEM    
 104  0.8
PSR %CPU
  7  1.5
  3  0.0
  3  0.0
  0 89.9
  0  1.1
  2  1.1
  1  1.1
  4  0.0
  6  0.0
  5  0.0
  3  0.0
%CPU     %MEM    
 104  0.8
PSR %CPU
  3  1.6
  3  0.0
  7  0.0
  0 89.9
  0  1.1
  6  1.1
  5  1.1
  2  0.0
  4  0.0
  7  0.0
  1  0.0
%CPU     %MEM    
 104  0.8
PSR %CPU
  3  1.5
  3  0.0
  7  0.0
  0 90.2
  0  1.1
  6  1.1
  5  1.1
  2  0.0
  4  0.0
  7  0.0
  1  0.0
%CPU     %MEM    
 104  0.8
PSR %CPU
  3  1.5
  3  0.0
  1  0.0
  0 90.4
  0  1.1
  6  1.1
  5  1.1
  2  0.0
  4  0.0
  7  0.0
  1  0.0
%CPU     %MEM    
 104  0.8
PSR %CPU
  3  1.5
  3  0.0
  1  0.0
  0 90.7
  0  1.1
  6  1.1
  5  1.1
  2  0.0
  4  0.0
  7  0.0
  1  0.0
%CPU     %MEM    
 105  0.8
PSR %CPU
  3  1.5
  3  0.0
  1  0.0
  0 91.0
  0  1.1
  6  1.1
  5  1.1
  2  0.0
  4  0.0
  7  0.0
  1  0.0
%CPU     %MEM    
 104  0.8
PSR %CPU
  1  1.5
  5  0.0
  1  0.0
  0 90.2
  3  1.1
  4  1.1
  2  1.1
  6  0.0
  5  0.0
  0  0.0
  7  0.0
%CPU     %MEM    
 104  0.8
PSR %CPU
  1  1.5
  5  0.0
  1  0.0
  0 90.4
  3  1.1
  4  1.1
  2  1.1
  6  0.0
  5  0.0
  0  0.0
  7  0.0
%CPU     %MEM    
 104  0.8
PSR %CPU
  6  1.5
  2  0.0
  4  0.0
  0 90.4
  3  1.1
  0  1.1
  5  1.1
  1  0.0
  4  0.0
  7  0.0
  2  0.0
%CPU     %MEM    
 104  0.8
PSR %CPU
  3  1.5
  2  0.0
  4  0.0
  0 90.6
  7  1.1
  4  1.1
  5  1.1
  7  0.0
  0  0.0
  2  0.0
  6  0.0
%CPU     %MEM    
 104  0.8
PSR %CPU
  3  1.6
  2  0.0
  4  0.0
  0 90.8
  4  1.1
  6  1.1
  7  1.1
  1  0.0
  0  0.0
  2  0.0
  5  0.0
%CPU     %MEM    
 105  0.8
PSR %CPU
  6  1.6
  2  0.0
  4  0.0
  1 90.7
  0  1.1
  5  1.1
  7  1.1
  7  0.0
  1  0.0
  4  0.0
  3  0.0
%CPU     %MEM    
 104  0.8
PSR %CPU
  7  1.6
  2  0.0
  4  0.0
  1 89.9
  0  1.1
  5  1.1
  2  1.1
  6  0.0
  1  0.0
  4  0.0
  3  0.0
%CPU     %MEM    
 104  0.8
PSR %CPU
  7  1.6
  2  0.0
  4  0.0
  1 90.2
  0  1.1
  5  1.1
  2  1.1
  6  0.0
  1  0.0
  4  0.0
  3  0.0
%CPU     %MEM    
 104  0.8
PSR %CPU
  7  1.6
  2  0.0
  4  0.0
  1 90.4
  0  1.1
  5  1.1
  2  1.1
  6  0.0
  1  0.0
  4  0.0
  3  0.0
%CPU     %MEM    
 104  0.8
PSR %CPU
  5  1.6
  2  0.0
  7  0.0
  1 90.4
  0  1.1
  2  1.1
  6  1.1
  4  0.0
  3  0.0
  1  0.0
  7  0.0
%CPU     %MEM    
 104  0.8
PSR %CPU
  6  1.7
  2  0.0
  7  0.0
  1 90.4
  2  1.1
  1  1.1
  5  1.1
  7  0.0
  3  0.0
  4  0.0
  0  0.0
%CPU     %MEM    
 105  0.8
PSR %CPU
  6  1.7
  2  0.0
  7  0.0
  1 90.7
  2  1.1
  1  1.1
  5  1.1
  7  0.0
  3  0.0
  4  0.0
  0  0.0
%CPU     %MEM    
 104  0.8
PSR %CPU
  6  1.7
  2  0.0
  5  0.0
  1 89.8
  4  1.1
  1  1.1
  3  1.1
  7  0.0
  2  0.0
  5  0.0
  0  0.0
%CPU     %MEM    
 104  0.8
PSR %CPU
  3  1.7
  7  0.0
  6  0.0
  1 89.8
  4  1.1
  6  1.2
  1  1.2
  5  0.0
  0  0.0
  2  0.0
  7  0.0
%CPU     %MEM    
 104  0.8
PSR %CPU
  0  1.8
  4  0.0
  3  0.0
  1 89.8
  6  1.2
  5  1.2
  1  1.2
  2  0.0
  0  0.0
  3  0.0
  0  0.0
  3  0.0
  3  0.0
  1  0.0
  2  0.0
  6  0.0
  4  0.0
  5  0.0
%CPU     %MEM    
 104  0.8
PSR %CPU
  0  1.9
  7  0.0
  1  0.0
  2 89.7
  1  1.2
  3  1.2
  2  1.2
  5  0.0
  7  0.0
  6  0.0
  4  0.0
%CPU     %MEM    
 105  0.8
PSR %CPU
  0  1.9
  7  0.0
  1  0.0
  2 89.9
  1  1.2
  3  1.2
  2  1.2
  5  0.0
  7  0.0
  6  0.0
  4  0.0
%CPU     %MEM    
 104  0.8
PSR %CPU
  0  1.8
  7  0.0
  1  0.0
  2 89.4
  1  1.2
  3  1.2
  2  1.2
  5  0.0
  7  0.0
  6  0.0
  4  0.0
%CPU     %MEM    
 104  0.8
PSR %CPU
  0  1.9
  1  0.0
  1  0.0
  2 89.4
  5  1.2
  1  1.2
  6  1.2
  4  0.0
  7  0.0
  3  0.0
  2  0.0
%CPU     %MEM    
 104  0.8
PSR %CPU
  0  1.9
  1  0.0
  1  0.0
  2 89.6
  5  1.2
  1  1.2
  6  1.2
  4  0.0
  7  0.0
  3  0.0
  2  0.0
%CPU     %MEM    
 104  0.8
PSR %CPU
  0  1.9
  1  0.0
  1  0.0
  2 89.8
  5  1.2
  2  1.2
  7  1.2
  3  0.0
  1  0.0
  6  0.0
  4  0.0
  7  0.0
  5  0.0
  2  0.0
  3  0.0
  4  0.0
  7  0.0
  7  0.0
%CPU     %MEM    
 104  0.8
PSR %CPU
  3  1.9
  3  0.0
  5  0.0
  2 89.9
  2  1.2
  5  1.2
  0  1.2
  4  0.0
  7  0.0
  1  0.0
  6  0.0
%CPU     %MEM    
 105  0.8
PSR %CPU
  7  2.0
  3  0.0
  5  0.0
  2 89.9
  3  1.2
  5  1.2
  0  1.2
  1  0.0
  4  0.0
  2  0.0
  6  0.0
%CPU     %MEM    
 104  0.8
PSR %CPU
  7  1.9
  3  0.0
  6  0.0
  2 89.4
  3  1.2
  5  1.2
  0  1.2
  1  0.0
  4  0.0
  2  0.0
  6  0.0
%CPU     %MEM    
 104  0.8
PSR %CPU
  7  1.9
  3  0.0
  6  0.0
  2 89.6
  3  1.2
  5  1.2
  0  1.2
  1  0.0
  4  0.0
  2  0.0
  6  0.0
%CPU     %MEM    
 104  0.8
PSR %CPU
  7  1.9
  3  0.0
  6  0.0
  2 89.8
  3  1.2
  5  1.1
  0  1.2
  1  0.0
  4  0.0
  2  0.0
  6  0.0
%CPU     %MEM    
 104  0.8
PSR %CPU
  2  1.9
  3  0.0
  6  0.0
  2 89.9
  7  1.2
  6  1.1
  4  1.2
  0  0.0
  1  0.0
  3  0.0
  6  0.0
%CPU     %MEM    
 104  0.8
PSR %CPU
  3  2.0
  4  0.0
  7  0.0
  3 89.8
  4  1.2
  2  1.2
  1  1.2
  0  0.0
  5  0.0
  6  0.0
  7  0.0
%CPU     %MEM    
 104  0.8
PSR %CPU
  3  2.0
  4  0.0
  7  0.0
  3 90.0
  4  1.2
  2  1.2
  1  1.2
  0  0.0
  5  0.0
  6  0.0
  7  0.0
%CPU     %MEM    
 104  0.8
PSR %CPU
  7  2.0
  5  0.0
  0  0.0
  3 89.4
  4  1.2
  1  1.2
  6  1.2
  5  0.0
  3  0.0
  2  0.0
  0  0.0
%CPU     %MEM    
 104  0.8
PSR %CPU
  7  2.0
  5  0.0
  1  0.0
  3 89.6
  4  1.2
  1  1.2
  6  1.2
  5  0.0
  3  0.0
  2  0.0
  0  0.0
%CPU     %MEM    
 104  0.8
PSR %CPU
  7  2.0
  6  0.0
  1  0.0
  3 89.6
  4  1.2
  1  1.2
  2  1.2
  3  0.0
  6  0.0
  5  0.0
  0  0.0
%CPU     %MEM    
 104  0.8
PSR %CPU
  7  2.0
  0  0.0
  2  0.0
  3 89.8
  4  1.2
  1  1.2
  2  1.2
  3  0.0
  6  0.0
  5  0.0
  0  0.0
%CPU     %MEM    
 104  0.8
PSR %CPU
  0  2.1
  1  0.0
  2  0.0
  3 89.7
  7  1.2
  5  1.2
  2  1.2
  1  0.0
  6  0.0
  3  0.0
  4  0.0
  5  0.0
  7  0.0
  1  0.0
  2  0.0
  4  0.0
  4  0.0
  4  0.0
%CPU     %MEM    
 104  0.9
PSR %CPU
  0  2.2
  1  0.0
  2  0.0
  3 88.6
  7  1.2
  2  1.2
  5  1.2
  4  0.0
  1  0.0
  3  0.0
  6  0.0
%CPU     %MEM    
 104  0.9
PSR %CPU
  0  2.2
  1  0.0
  2  0.0
  3 88.8
  7  1.2
  2  1.2
  5  1.2
  4  0.0
  1  0.0
  3  0.0
  6  0.0
%CPU     %MEM    
 104  0.9
PSR %CPU
  0  2.2
  1  0.0
  2  0.0
  3 88.9
  7  1.2
  5  1.2
  2  1.2
  4  0.0
  3  0.0
  1  0.0
  6  0.0
%CPU     %MEM    
 104  0.8
PSR %CPU
  1  2.3
  2  0.0
  2  0.0
  3 88.9
  5  1.2
  3  1.2
  6  1.2
  4  0.0
  0  0.0
  7  0.0
  2  0.0
%CPU     %MEM    
 104  0.8
PSR %CPU
  1  2.3
  2  0.0
  2  0.0
  3 89.1
  5  1.2
  3  1.2
  6  1.2
  4  0.0
  0  0.0
  7  0.0
  2  0.0
%CPU     %MEM    
 104  0.9
PSR %CPU
  0  2.3
  5  0.0
  2  0.0
  3 89.1
  6  1.2
  3  1.2
  1  1.2
  4  0.0
  5  0.0
  2  0.0
  7  0.0
%CPU     %MEM    
 104  0.9
PSR %CPU
  0  2.3
  5  0.0
  2  0.0
  3 88.7
  6  1.2
  3  1.2
  1  1.2
  4  0.0
  5  0.0
  2  0.0
  7  0.0
%CPU     %MEM    
 104  0.9
PSR %CPU
  2  2.3
  5  0.0
  3  0.0
  4 88.7
  4  1.2
  5  1.2
  3  1.2
  1  0.0
  6  0.0
  7  0.0
  0  0.0
%CPU     %MEM    
 104  0.9
PSR %CPU
  2  2.3
  5  0.0
  3  0.0
  4 88.9
  4  1.2
  5  1.2
  3  1.2
  1  0.0
  6  0.0
  7  0.0
  0  0.0
%CPU     %MEM    
 104  0.8
PSR %CPU
  6  2.4
  0  0.0
  3  0.0
  4 88.8
  3  1.2
  1  1.2
  4  1.2
  7  0.0
  0  0.0
  5  0.0
  2  0.0
%CPU     %MEM    
 104  0.8
PSR %CPU
  6  2.3
  0  0.0
  3  0.0
  4 89.0
  3  1.2
  1  1.2
  4  1.2
  7  0.0
  0  0.0
  5  0.0
  2  0.0
%CPU     %MEM    
 104  0.9
PSR %CPU
  0  2.4
  5  0.0
  5  0.0
  4 89.0
  6  1.2
  1  1.2
  3  1.2
  2  0.0
  4  0.0
  7  0.0
  5  0.0
%CPU     %MEM    
 104  0.9
PSR %CPU
  0  2.4
  5  0.0
  5  0.0
  4 88.6
  6  1.2
  1  1.2
  3  1.2
  2  0.0
  4  0.0
  7  0.0
  5  0.0
%CPU     %MEM    
 104  0.9
PSR %CPU
  0  2.3
  6  0.0
  5  0.0
  4 88.8
  6  1.2
  1  1.2
  3  1.2
  2  0.0
  4  0.0
  7  0.0
  5  0.0
%CPU     %MEM    
 104  0.9
PSR %CPU
  4  2.4
  6  0.0
  7  0.0
  5 88.9
  0  1.2
  5  1.2
  7  1.2
  6  0.0
  3  0.0
  1  0.0
  2  0.0
%CPU     %MEM    
 104  0.9
PSR %CPU
  4  2.4
  6  0.0
  7  0.0
  5 89.0
  0  1.2
  5  1.2
  7  1.2
  6  0.0
  3  0.0
  1  0.0
  2  0.0
%CPU     %MEM    
 104  0.9
PSR %CPU
  4  2.3
  6  0.0
  7  0.0
  5 89.2
  0  1.2
  5  1.2
  7  1.2
  6  0.0
  3  0.0
  1  0.0
  2  0.0
%CPU     %MEM    
 104  0.9
PSR %CPU
  4  2.3
  6  0.0
  7  0.0
  5 89.4
  0  1.2
  5  1.2
  7  1.2
  6  0.0
  3  0.0
  1  0.0
  2  0.0
%CPU     %MEM    
 104  0.9
PSR %CPU
  4  2.3
  6  0.0
  7  0.0
  5 89.0
  0  1.2
  5  1.2
  7  1.2
  6  0.0
  3  0.0
  1  0.0
  2  0.0
%CPU     %MEM    
 104  0.9
PSR %CPU
  0  2.3
  7  0.0
  7  0.0
  6 89.0
  7  1.2
  2  1.2
  4  1.2
  6  0.0
  3  0.0
  1  0.0
  5  0.0
%CPU     %MEM    
 104  0.9
PSR %CPU
  0  2.3
  7  0.0
  7  0.0
  6 89.2
  7  1.2
  2  1.2
  4  1.2
  6  0.0
  3  0.0
  1  0.0
  5  0.0
%CPU     %MEM    
 104  0.9
PSR %CPU
  5  2.3
  7  0.0
  7  0.0
  6 89.2
  0  1.2
  1  1.2
  4  1.2
  1  0.0
  2  0.0
  7  0.0
  3  0.0
%CPU     %MEM    
 104  0.9
PSR %CPU
  0  2.4
  1  0.0
  1  0.0
  7 89.2
  5  1.2
  6  1.2
  3  1.2
  1  0.0
  2  0.0
  7  0.0
  4  0.0
%CPU     %MEM    
 104  0.9
PSR %CPU
  0  2.4
  1  0.0
  1  0.0
  7 88.8
  5  1.2
  6  1.2
  3  1.2
  1  0.0
  2  0.0
  7  0.0
  4  0.0
%CPU     %MEM    
 104  0.9
PSR %CPU
  0  2.4
  2  0.0
  2  0.0
  7 89.0
  5  1.2
  6  1.2
  3  1.2
  1  0.0
  2  0.0
  7  0.0
  4  0.0
%CPU     %MEM    
 104  0.9
PSR %CPU
  0  2.4
  2  0.0
  2  0.0
  7 89.2
  5  1.2
  6  1.2
  3  1.2
  1  0.0
  2  0.0
  7  0.0
  4  0.0
%CPU     %MEM    
 104  0.9
PSR %CPU
  0  2.3
  2  0.0
  2  0.0
  7 89.3
  5  1.2
  6  1.2
  3  1.2
  1  0.0
  2  0.0
  7  0.0
  4  0.0
%CPU     %MEM    
 104  0.9
PSR %CPU
  6  2.4
  2  0.0
  3  0.0
  0 89.4
  0  1.2
  7  1.2
  5  1.2
  4  0.0
  2  0.0
  1  0.0
  3  0.0
%CPU     %MEM    
 104  0.9
PSR %CPU
  6  2.4
  2  0.0
  3  0.0
  0 89.5
  0  1.2
  7  1.2
  5  1.2
  4  0.0
  2  0.0
  1  0.0
  3  0.0
%CPU     %MEM    
 104  0.9
PSR %CPU
  6  2.4
  3  0.0
  3  0.0
  0 89.0
  7  1.2
  0  1.2
  4  1.2
  1  0.0
  5  0.0
  3  0.0
  2  0.0
%CPU     %MEM    
 104  0.9
PSR %CPU
  6  2.4
  3  0.0
  3  0.0
  0 89.2
  7  1.2
  0  1.2
  4  1.2
  1  0.0
  5  0.0
  3  0.0
  2  0.0
%CPU     %MEM    
 104  0.9
PSR %CPU
  6  2.4
  3  0.0
  4  0.0
  0 89.2
  2  1.2
  0  1.2
  5  1.2
  4  0.0
  7  0.0
  1  0.0
  3  0.0
%CPU     %MEM    
 104  0.9
PSR %CPU
  1  2.4
  3  0.0
  4  0.0
  0 89.3
  0  1.2
  5  1.2
  6  1.2
  3  0.0
  5  0.0
  2  0.0
  4  0.0
%CPU     %MEM    
 104  0.9
PSR %CPU
  3  2.5
  4  0.0
  5  0.0
  0 89.2
  1  1.2
  6  1.2
  4  1.2
  7  0.0
  5  0.0
  0  0.0
  2  0.0
%CPU     %MEM    
 104  0.9
PSR %CPU
  3  2.5
  4  0.0
  5  0.0
  0 89.3
  1  1.2
  6  1.2
  4  1.2
  7  0.0
  5  0.0
  0  0.0
  2  0.0
%CPU     %MEM    
 104  0.9
PSR %CPU
  3  2.5
  4  0.0
  5  0.0
  0 89.0
  1  1.2
  6  1.2
  4  1.2
  7  0.0
  5  0.0
  0  0.0
  2  0.0
%CPU     %MEM    
 104  0.9
PSR %CPU
  5  2.5
  4  0.0
  6  0.0
  0 89.0
  7  1.2
  0  1.2
  2  1.2
  1  0.0
  3  0.0
  4  0.0
  6  0.0
%CPU     %MEM    
 104  0.9
PSR %CPU
  6  2.7
  4  0.0
  0  0.0
  2 88.6
  1  1.2
  7  1.2
  0  1.2
  4  0.0
  3  0.0
  5  0.0
  2  0.0
  0  0.0
  5  0.0
  6  0.0
  7  0.0
  0  0.0
  0  0.0
  4  0.0
%CPU     %MEM    
 104  0.9
PSR %CPU
  2  2.8
  5  0.0
  0  0.0
  2 88.4
  6  1.3
  0  1.3
  5  1.3
%CPU     %MEM    
 104  0.9
PSR %CPU
  7  2.9
  6  0.0
  3  0.0
  2 88.3
  1  1.3
  2  1.3
  0  1.3
  6  0.0
  5  0.0
  4  0.0
  3  0.0
%CPU     %MEM    
 104  0.9
PSR %CPU
  0  2.9
  6  0.0
  4  0.0
  2 87.8
  5  1.3
  6  1.3
  1  1.3
  3  0.0
  2  0.0
  4  0.0
  7  0.0
%CPU     %MEM    
 104  0.9
PSR %CPU
  5  3.0
  7  0.0
  6  0.0
  2 87.8
  6  1.3
  1  1.3
  0  1.3
  4  0.0
  7  0.0
  3  0.0
  2  0.0
%CPU     %MEM    
 104  0.9
PSR %CPU
  5  2.9
  7  0.0
  6  0.0
  2 88.0
  6  1.3
  1  1.3
  0  1.3
  4  0.0
  7  0.0
  3  0.0
  2  0.0
%CPU     %MEM    
 104  0.9
PSR %CPU
  0  3.0
  7  0.0
  7  0.0
  2 88.0
  6  1.3
  5  1.3
  4  1.3
  7  0.0
  2  0.0
  1  0.0
  3  0.0
%CPU     %MEM    
 104  0.9
PSR %CPU
  3  3.0
  0  0.0
  0  0.0
  2 88.0
  0  1.3
  5  1.3
  2  1.3
  4  0.0
  1  0.0
  6  0.0
  7  0.0
  0  0.0
  2  0.0
  3  0.0
  5  0.0
  7  0.0
  7  0.0
  7  0.0
%CPU     %MEM    
 104  0.9
PSR %CPU
  7  3.0
  3  0.0
  1  0.0
  2 88.1
  4  1.3
  6  1.3
  5  1.3
  0  0.0
  2  0.0
  1  0.0
  3  0.0
%CPU     %MEM    
 104  0.9
PSR %CPU
  7  3.0
  3  0.0
  1  0.0
  2 87.8
  4  1.3
  6  1.3
  5  1.3
  0  0.0
  2  0.0
  1  0.0
  3  0.0
%CPU     %MEM    
 104  0.9
PSR %CPU
  4  3.0
  3  0.0
  4  0.0
  2 87.8
  7  1.3
  3  1.3
  0  1.3
  2  0.0
  5  0.0
  6  0.0
  1  0.0
%CPU     %MEM    
 104  0.9
PSR %CPU
  0  3.1
  3  0.0
  4  0.0
  2 87.8
  7  1.3
  1  1.3
  4  1.3
  5  0.0
  3  0.0
  2  0.0
  6  0.0
%CPU     %MEM    
 104  0.9
PSR %CPU
  0  3.1
  3  0.0
  4  0.0
  2 87.9
  7  1.3
  1  1.3
  4  1.3
  5  0.0
  3  0.0
  2  0.0
  6  0.0
%CPU     %MEM    
 104  0.9
PSR %CPU
  0  3.0
  3  0.0
  5  0.0
  2 88.1
  7  1.3
  1  1.3
  4  1.3
  5  0.0
  3  0.0
  2  0.0
  6  0.0
%CPU     %MEM    
 104  0.9
PSR %CPU
  3  3.1
  4  0.0
  5  0.0
  3 88.0
  5  1.3
  6  1.3
  0  1.3
  2  0.0
  7  0.0
  4  0.0
  1  0.0
%CPU     %MEM    
 104  0.9
PSR %CPU
  3  3.0
  4  0.0
  5  0.0
  3 87.7
  5  1.3
  6  1.3
  0  1.3
  2  0.0
  7  0.0
  4  0.0
  1  0.0
%CPU     %MEM    
 104  0.9
PSR %CPU
  4  3.1
  6  0.0
  6  0.0
  3 87.5
  0  1.3
  5  1.3
  7  1.3
  3  0.0
  1  0.0
  6  0.0
  2  0.0
%CPU     %MEM    
 104  0.9
PSR %CPU
  5  3.2
  6  0.0
  6  0.0
  3 87.5
  0  1.3
  2  1.3
  7  1.3
  1  0.0
  6  0.0
  3  0.0
  4  0.0
%CPU     %MEM    
 104  0.9
PSR %CPU
  6  3.2
  7  0.0
  1  0.0
  3 87.6
  2  1.3
  5  1.3
  3  1.3
  0  0.0
  1  0.0
  4  0.0
  7  0.0
%CPU     %MEM    
 104  0.9
PSR %CPU
  2  3.2
  7  0.0
  1  0.0
  3 87.7
  7  1.3
  5  1.3
  0  1.3
  3  0.0
  1  0.0
  4  0.0
  6  0.0
%CPU     %MEM    
 105  0.9
PSR %CPU
  3  3.3
  0  0.0
  5  0.0
  2 87.7
  6  1.3
  7  1.3
  4  1.3
  5  0.0
  1  0.0
  0  0.0
  2  0.0
%CPU     %MEM    
 104  0.9
PSR %CPU
  4  3.3
  1  0.0
  6  0.0
  2 87.2
  7  1.3
  6  1.3
  3  1.3
  5  0.0
  0  0.0
  1  0.0
  2  0.0
%CPU     %MEM    
 104  0.9
PSR %CPU
  4  3.3
  1  0.0
  6  0.0
  2 87.4
  7  1.3
  6  1.3
  3  1.3
  5  0.0
  0  0.0
  1  0.0
  2  0.0
%CPU     %MEM    
 104  0.9
PSR %CPU
  6  3.3
  1  0.0
  7  0.0
  2 87.4
  5  1.3
  3  1.3
  2  1.3
  7  0.0
  1  0.0
  0  0.0
  4  0.0
%CPU     %MEM    
 104  0.9
PSR %CPU
  6  3.3
  1  0.0
  7  0.0
  2 87.5
  5  1.3
  3  1.3
  2  1.3
  7  0.0
  1  0.0
  0  0.0
  4  0.0
%CPU     %MEM    
 104  0.9
PSR %CPU
  6  3.3
  3  0.0
  7  0.0
  2 87.6
  5  1.3
  3  1.3
  2  1.3
  7  0.0
  1  0.0
  0  0.0
  4  0.0
%CPU     %MEM    
 104  0.9
PSR %CPU
  1  3.3
  3  0.0
  0  0.0
  2 87.2
  3  1.3
  5  1.3
  4  1.3
  7  0.0
  0  0.0
  2  0.0
  6  0.0
%CPU     %MEM    
 104  0.9
PSR %CPU
  5  3.4
  3  0.0
  3  0.0
  2 87.2
  4  1.3
  6  1.3
  1  1.3
  2  0.0
  7  0.0
  0  0.0
  3  0.0
%CPU     %MEM    
 104  0.9
PSR %CPU
  5  3.4
  4  0.0
  4  0.0
  2 87.3
  4  1.3
  6  1.3
  1  1.3
  2  0.0
  7  0.0
  0  0.0
  3  0.0
%CPU     %MEM    
 104  0.9
PSR %CPU
  6  3.4
  4  0.0
  4  0.0
  2 87.4
  4  1.3
  7  1.3
  1  1.3
%CPU     %MEM    
 104  0.9
PSR %CPU
  5  3.4
  6  0.0
  6  0.0
  2 87.4
  2  1.3
  3  1.3
  0  1.3
  1  0.0
  7  0.0
  6  0.0
  4  0.0
%CPU     %MEM    
 104  0.9
PSR %CPU
  3  3.4
  1  0.0
  7  0.0
  2 87.4
  1  1.3
  0  1.3
  7  1.3
  2  0.0
  4  0.0
  5  0.0
  6  0.0
%CPU     %MEM    
 104  0.9
PSR %CPU
  4  3.5
  1  0.0
  7  0.0
  2 87.0
  6  1.3
  3  1.3
  1  1.3
  5  0.0
  0  0.0
  7  0.0
  2  0.0
%CPU     %MEM    
 104  0.9
PSR %CPU
  4  3.5
  5  0.0
  7  0.0
  2 87.0
  1  1.3
  7  1.3
  6  1.3
  5  0.0
  0  0.0
  2  0.0
  3  0.0
%CPU     %MEM    
 104  0.9
PSR %CPU
  7  3.5
  6  0.0
  0  0.0
  2 87.0
  6  1.3
  2  1.3
  0  1.3
  5  0.0
  1  0.0
  4  0.0
  3  0.0
%CPU     %MEM    
 104  0.9
PSR %CPU
  1  3.6
  6  0.0
  1  0.0
  2 87.0
  5  1.3
  4  1.3
  5  1.3
  6  0.0
  2  0.0
  7  0.0
  3  0.0
%CPU     %MEM    
 104  0.9
PSR %CPU
  0  3.6
  5  0.0
  1  0.0
  2 87.0
  2  1.4
  7  1.4
  1  1.4
  4  0.0
  5  0.0
  3  0.0
  6  0.0
%CPU     %MEM    
 105  0.9
PSR %CPU
  0  3.6
  5  0.0
  1  0.0
  2 87.1
  2  1.4
  7  1.4
  1  1.4
  4  0.0
  5  0.0
  3  0.0
  6  0.0
%CPU     %MEM    
 104  0.9
PSR %CPU
  3  3.7
  6  0.0
  1  0.0
  3 86.6
  0  1.4
  6  1.4
  2  1.4
%CPU     %MEM    
 104  0.9
PSR %CPU
  5  3.7
  6  0.0
  1  0.0
  3 86.7
  3  1.4
  4  1.4
  0  1.4
  7  0.0
  2  0.0
  1  0.0
  6  0.0
%CPU     %MEM    
 104  0.9
PSR %CPU
  3  3.8
  7  0.0
  1  0.0
  4 86.7
  6  1.4
  1  1.4
  0  1.4
  5  0.0
  7  0.0
  4  0.0
  2  0.0
%CPU     %MEM    
 104  0.9
PSR %CPU
  2  3.8
  7  0.0
  1  0.0
  4 86.7
  1  1.4
  7  1.4
  4  1.4
  5  0.0
  0  0.0
  3  0.0
  6  0.0
%CPU     %MEM    
 105  0.9
PSR %CPU
  2  3.8
  7  0.0
  1  0.0
  4 86.8
  1  1.4
  7  1.4
  4  1.4
  5  0.0
  0  0.0
  3  0.0
  6  0.0
%CPU     %MEM    
 105  0.9
PSR %CPU
  2  3.8
  7  0.0
  1  0.0
  4 86.6
  1  1.4
  7  1.4
  4  1.4
  5  0.0
  0  0.0
  3  0.0
  6  0.0
%CPU     %MEM    
 104  0.9
PSR %CPU
  6  3.8
  1  0.0
  1  0.0
  4 86.5
  2  1.4
  1  1.4
  4  1.4
  3  0.0
  0  0.0
  7  0.0
  5  0.0
%CPU     %MEM    
 104  0.9
PSR %CPU
  6  3.8
  1  0.0
  1  0.0
  4 86.7
  2  1.4
  1  1.4
  4  1.4
  3  0.0
  0  0.0
  7  0.0
  5  0.0
%CPU     %MEM    
 104  0.9
PSR %CPU
  2  3.8
  5  0.0
  5  0.0
  4 86.7
  1  1.4
  3  1.4
  4  1.4
  0  0.0
  7  0.0
  5  0.0
  6  0.0
%CPU     %MEM    
 104  0.9
PSR %CPU
  2  3.8
  5  0.0
  5  0.0
  4 86.8
  1  1.4
  3  1.4
  4  1.4
  0  0.0
  7  0.0
  5  0.0
  6  0.0
%CPU     %MEM    
 105  0.9
PSR %CPU
  2  3.8
  5  0.0
  5  0.0
  4 86.9
  1  1.4
  3  1.4
  4  1.3
  0  0.0
  7  0.0
  5  0.0
  6  0.0
%CPU     %MEM    
 104  0.9
PSR %CPU
  1  3.9
  2  0.0
  7  0.0
  4 86.5
  0  1.4
  2  1.4
  3  1.4
%CPU     %MEM    
 104  0.9
PSR %CPU
  3  3.9
  2  0.0
  7  0.0
  4 86.5
  4  1.4
  5  1.4
  2  1.4
  1  0.0
  6  0.0
  0  0.0
  7  0.0
%CPU     %MEM    
 104  0.9
PSR %CPU
  3  3.9
  3  0.0
  7  0.0
  4 86.7
  4  1.4
  5  1.4
  2  1.4
  1  0.0
  6  0.0
  0  0.0
  7  0.0
%CPU     %MEM    
 104  0.9
PSR %CPU
  0  4.0
  6  0.0
  1  0.0
  4 86.5
  2  1.4
  3  1.4
  5  1.4
  1  0.0
  4  0.0
  7  0.0
  6  0.0
%CPU     %MEM    
 105  0.9
PSR %CPU
  1  4.0
  6  0.0
  3  0.0
  4 86.5
  0  1.4
  7  1.4
  5  1.4
  5  0.0
  2  0.0
  3  0.0
  4  0.0
%CPU     %MEM    
 105  0.9
PSR %CPU
  1  4.0
  6  0.0
  3  0.0
  4 86.6
  0  1.4
  6  1.4
  2  1.4
  3  0.0
  4  0.0
  7  0.0
  5  0.0
%CPU     %MEM    
 104  1.0
PSR %CPU
  5  4.0
  7  0.0
  3  0.0
  6 86.3
  3  1.4
  1  1.4
  4  1.4
  0  0.0
  6  0.0
  7  0.0
  2  0.0
%CPU     %MEM    
 104  1.0
PSR %CPU
  1  4.1
  7  0.0
  3  0.0
  6 86.2
  2  1.4
  3  1.4
  5  1.4
  4  0.0
  0  0.0
  6  0.0
  7  0.0
%CPU     %MEM    
 104  1.0
PSR %CPU
  1  4.0
  7  0.0
  3  0.0
  6 86.4
  2  1.4
  3  1.4
  5  1.4
  4  0.0
  0  0.0
  6  0.0
  7  0.0
%CPU     %MEM    
 104  0.9
PSR %CPU
  6  4.1
  0  0.0
  3  0.0
  7 86.4
  1  1.4
  7  1.4
  0  1.4
  3  0.0
  2  0.0
  4  0.0
  5  0.0
%CPU     %MEM    
 105  0.9
PSR %CPU
  6  4.1
  0  0.0
  3  0.0
  7 86.3
  2  1.4
  7  1.4
  5  1.4
%CPU     %MEM    
 105  0.9
PSR %CPU
  5  4.2
  2  0.0
  3  0.0
  0 86.3
  4  1.4
  2  1.4
  1  1.4
  6  0.0
  3  0.0
  0  0.0
  7  0.0
%CPU     %MEM    
 104  0.9
PSR %CPU
  5  4.1
  2  0.0
  3  0.0
  0 86.1
  4  1.4
  2  1.4
  1  1.4
  6  0.0
  3  0.0
  0  0.0
  7  0.0
%CPU     %MEM    
 104  1.0
PSR %CPU
  5  4.3
  2  0.0
  7  0.0
  2 85.9
  1  1.4
  2  1.4
  7  1.4
  1  0.0
  6  0.0
  3  0.0
  4  0.0
%CPU     %MEM    
 105  0.9
PSR %CPU
  0  4.4
  3  0.0
  3  0.0
  2 85.7
  7  1.4
  6  1.4
  1  1.4
  2  0.0
  4  0.0
  3  0.0
  5  0.0
%CPU     %MEM    
 105  1.0
PSR %CPU
  0  4.4
  3  0.0
  3  0.0
  2 85.8
  4  1.4
  7  1.4
  2  1.4
%CPU     %MEM    
 105  1.0
PSR %CPU
  6  4.6
  0  0.0
  0  0.0
  6 85.5
  0  1.5
  7  1.5
  2  1.5
  4  0.0
  5  0.0
  1  0.0
  3  0.0
%CPU     %MEM    
 105  1.0
PSR %CPU
  7  4.6
  3  0.0
  0  0.0
  6 85.2
  5  1.5
  2  1.5
  0  1.5
  1  0.0
  6  0.0
  3  0.0
  4  0.0
%CPU     %MEM    
 105  1.0
PSR %CPU
  7  4.6
  3  0.0
  0  0.0
  6 85.3
  5  1.4
  2  1.5
  0  1.4
  1  0.0
  6  0.0
  3  0.0
  4  0.0
%CPU     %MEM    
 105  1.0
PSR %CPU
  0  4.6
  3  0.0
  1  0.0
  6 85.3
  1  1.5
  3  1.5
  4  1.5
  7  0.0
  5  0.0
  2  0.0
  6  0.0
%CPU     %MEM    
 105  1.0
PSR %CPU
  0  4.6
  3  0.0
  1  0.0
  6 85.4
  1  1.4
  3  1.5
  4  1.4
  7  0.0
  5  0.0
  2  0.0
  6  0.0
%CPU     %MEM    
 105  1.0
PSR %CPU
  7  4.6
  3  0.0
  1  0.0
  6 85.5
  6  1.5
  5  1.5
  2  1.4
  0  0.0
  2  0.0
  3  0.0
  4  0.0
  6  0.0
  5  0.0
  2  0.0
  4  0.0
  5  0.0
  6  0.0
  4  0.0
%CPU     %MEM    
 105  1.0
PSR %CPU
  3  4.7
  4  0.0
  1  0.0
  6 85.4
  7  1.5
  0  1.5
  1  1.5
  2  0.0
  4  0.0
  6  0.0
  5  0.0
%CPU     %MEM    
 105  1.0
PSR %CPU
  2  4.7
  5  0.0
  4  0.0
  6 85.1
  5  1.5
  6  1.5
  3  1.5
  7  0.0
  4  0.0
  0  0.0
  1  0.0
%CPU     %MEM    
 105  1.0
PSR %CPU
  2  4.7
  5  0.0
  4  0.0
  6 85.2
  5  1.5
  6  1.5
  3  1.5
  7  0.0
  4  0.0
  0  0.0
  1  0.0
%CPU     %MEM    
 105  1.0
PSR %CPU
  2  4.8
  7  0.0
  4  0.0
  6 85.0
  7  1.5
  6  1.5
  5  1.5
  3  0.0
  4  0.0
  1  0.0
  0  0.0
%CPU     %MEM    
 105  1.0
PSR %CPU
  2  4.8
  7  0.0
  4  0.0
  6 85.1
  7  1.5
  0  1.5
  5  1.5
  3  0.0
  1  0.0
  6  0.0
  7  0.0
  0  0.0
  5  0.0
  7  0.0
  1  0.0
  0  0.0
  6  0.0
  3  0.0
%CPU     %MEM    
 105  1.0
PSR %CPU
  6  4.9
  4  0.0
  4  0.0
  7 85.0
  2  1.5
  4  1.5
  1  1.5
%CPU     %MEM    
 105  1.0
PSR %CPU
  6  4.9
  4  0.0
  4  0.0
  7 85.1
  4  1.5
  7  1.5
  1  1.5
  0  0.0
  5  0.0
  2  0.0
  3  0.0
%CPU     %MEM    
 105  0.9
PSR %CPU
  4  4.9
  5  0.0
  4  0.0
  7 84.8
  6  1.5
  7  1.5
  1  1.5
  5  0.0
  0  0.0
  3  0.0
  2  0.0
%CPU     %MEM    
 105  1.0
PSR %CPU
  4  5.1
  7  0.0
  7  0.0
  0 84.6
  1  1.5
  7  1.5
  6  1.5
%CPU     %MEM    
 105  1.0
PSR %CPU
  7  5.2
  1  0.0
  7  0.0
  0 84.4
  4  1.5
  3  1.5
  5  1.5
  2  0.0
  6  0.0
  1  0.0
  0  0.0
%CPU     %MEM    
 105  1.0
PSR %CPU
  7  5.2
  1  0.0
  7  0.0
  0 84.5
  4  1.5
  3  1.5
  5  1.5
  2  0.0
  6  0.0
  1  0.0
  0  0.0
%CPU     %MEM    
 105  1.0
PSR %CPU
  7  5.2
  2  0.0
  7  0.0
  0 84.6
  4  1.5
  3  1.5
  5  1.5
  2  0.0
  6  0.0
  1  0.0
  0  0.0
%CPU     %MEM    
 105  1.0
PSR %CPU
  7  5.2
  2  0.0
  7  0.0
  0 84.7
  4  1.5
  3  1.5
  5  1.5
  2  0.0
  6  0.0
  1  0.0
  0  0.0
%CPU     %MEM    
 105  1.0
PSR %CPU
  0  5.2
  3  0.0
  3  0.0
  1 84.4
  3  1.5
  2  1.5
  4  1.5
  5  0.0
  1  0.0
  6  0.0
  7  0.0
%CPU     %MEM    
 105  1.0
PSR %CPU
  0  5.2
  3  0.0
  3  0.0
  1 84.5
  3  1.5
  2  1.5
  4  1.5
  5  0.0
  1  0.0
  6  0.0
  7  0.0
%CPU     %MEM    
 105  1.0
PSR %CPU
  0  5.2
  3  0.0
  3  0.0
  1 84.5
  4  1.5
  1  1.5
  3  1.5
  6  0.0
  2  0.0
  5  0.0
  7  0.0
%CPU     %MEM    
 105  1.0
PSR %CPU
  0  5.2
  3  0.0
  3  0.0
  1 84.6
  4  1.5
  1  1.5
  3  1.5
  6  0.0
  2  0.0
  5  0.0
  7  0.0
%CPU     %MEM    
 105  1.0
PSR %CPU
  0  5.2
  3  0.0
  3  0.0
  1 84.8
  4  1.5
  1  1.5
  3  1.5
  6  0.0
  2  0.0
  5  0.0
  7  0.0
%CPU     %MEM    
 105  1.0
PSR %CPU
  0  5.2
  3  0.0
  3  0.0
  1 84.6
  4  1.5
  1  1.5
  3  1.5
  6  0.0
  2  0.0
  5  0.0
  7  0.0
%CPU     %MEM    
 105  1.0
PSR %CPU
  0  5.1
  3  0.0
  3  0.0
  1 84.7
  4  1.5
  1  1.5
  3  1.5
  6  0.0
  2  0.0
  5  0.0
  7  0.0
%CPU     %MEM    
 105  1.0
PSR %CPU
  1  5.2
  7  0.0
  4  0.0
  3 84.7
  3  1.5
  2  1.5
  7  1.5
  4  0.0
  6  0.0
  0  0.0
  5  0.0
%CPU     %MEM    
 105  1.0
PSR %CPU
  4  5.2
  7  0.0
  4  0.0
  3 84.8
  4  1.5
  3  1.5
  2  1.5
  0  0.0
  6  0.0
  7  0.0
  5  0.0
  1  0.0
  2  0.0
  3  0.0
  4  0.0
  5  0.0
  4  0.0
  5  0.0
%CPU     %MEM    
 105  1.0
PSR %CPU
  1  5.3
  3  0.0
  6  0.0
  3 84.7
  4  1.5
  6  1.5
  5  1.5
  2  0.0
  0  0.0
  3  0.0
  7  0.0
%CPU     %MEM    
 105  1.0
PSR %CPU
  1  5.3
  4  0.0
  7  0.0
  3 84.8
  4  1.5
  5  1.5
  3  1.5
  7  0.0
  0  0.0
  2  0.0
  6  0.0
%CPU     %MEM    
 105  1.0
PSR %CPU
  7  5.3
  5  0.0
  0  0.0
  5  1.5
  2  1.5
  3  1.5
  3  0.0
  1  0.0
  6  0.0
  4  0.0
