%CPU     %MEM    
 0.0  0.0
PSR %CPU
  3  0.0
  6  0.0
  4  0.0
  2  0.0
  1  0.0
  3  0.0
  4  0.0
  0  0.0
  6  0.0
  7  0.0
  3  0.0
%CPU     %MEM    
 135  0.2
PSR %CPU
  3  3.0
  6  0.0
  4  0.0
  3  111
  2  2.0
  5  2.0
  4  2.0
  1  0.0
  7  1.0
  0  0.0
  6  0.0
%CPU     %MEM    
 126  0.4
PSR %CPU
  3  1.5
  6  0.0
  4  0.0
  3  114
  2  1.0
  5  1.0
  4  1.0
  1  0.0
  7  0.5
  0  0.0
  6  0.0
%CPU     %MEM    
92.5  0.6
PSR %CPU
  3  0.7
  6  0.0
  4  0.0
  3 86.5
  2  0.5
  5  0.5
  4  0.5
  1  0.0
  7  0.2
  0  0.0
  6  0.0
%CPU     %MEM    
97.6  0.7
PSR %CPU
  3  0.6
  6  0.0
  4  0.0
  3 92.6
  2  0.4
  5  0.4
  4  0.4
  1  0.0
  7  0.2
  0  0.0
  6  0.0
%CPU     %MEM    
 100  0.7
PSR %CPU
  3  0.5
  6  0.0
  5  0.0
  3 96.8
  2  0.3
  5  0.3
  4  0.3
  1  0.0
  7  0.1
  0  0.0
  6  0.0
%CPU     %MEM    
 103  0.7
PSR %CPU
  3  0.4
  6  0.0
  5  0.0
  3 99.7
  2  0.2
  5  0.2
  4  0.2
  1  0.0
  7  0.1
  0  0.0
  6  0.0
%CPU     %MEM    
 105  0.7
PSR %CPU
  3  0.3
  6  0.0
  5  0.0
  3  102
  2  0.2
  5  0.2
  4  0.2
  1  0.0
  7  0.1
  0  0.0
  6  0.0
%CPU     %MEM    
95.7  0.7
PSR %CPU
  3  0.3
  6  0.0
  5  0.0
  3 93.3
  2  0.2
  5  0.2
  4  0.2
  1  0.0
  7  0.1
  0  0.0
  6  0.0
%CPU     %MEM    
97.5  0.7
PSR %CPU
  4  0.2
  6  0.0
  5  0.0
  3 95.3
  2  0.1
  5  0.1
  4  0.1
  1  0.0
  7  0.0
  0  0.0
  6  0.0
%CPU     %MEM    
99.2  0.7
PSR %CPU
  4  0.2
  6  0.0
  5  0.0
  3 97.1
  2  0.1
  5  0.1
  4  0.1
  1  0.0
  7  0.0
  0  0.0
  6  0.0
%CPU     %MEM    
 100  0.7
PSR %CPU
  4  0.2
  6  0.0
  5  0.0
  3 98.7
  2  0.1
  5  0.1
  4  0.1
  1  0.0
  7  0.0
  0  0.0
  6  0.0
%CPU     %MEM    
 101  0.7
PSR %CPU
  4  0.2
  6  0.0
  5  0.0
  3  100
  2  0.1
  5  0.1
  4  0.1
  1  0.0
  7  0.0
  0  0.0
  6  0.0
%CPU     %MEM    
 102  0.7
PSR %CPU
  4  0.2
  6  0.0
  5  0.0
  3  101
  2  0.1
  5  0.1
  4  0.1
  1  0.0
  7  0.0
  0  0.0
  6  0.0
%CPU     %MEM    
97.6  0.7
PSR %CPU
  4  0.1
  0  0.0
  5  0.0
  3 96.2
  2  0.1
  5  0.1
  4  0.1
  1  0.0
  7  0.0
  0  0.0
  6  0.0
%CPU     %MEM    
98.7  0.7
PSR %CPU
  4  0.1
  0  0.0
  5  0.0
  3 97.3
  2  0.1
  5  0.1
  4  0.1
  1  0.0
  7  0.0
  0  0.0
  6  0.0
%CPU     %MEM    
99.7  0.7
PSR %CPU
  4  0.1
  0  0.0
  5  0.0
  3 98.4
  2  0.1
  5  0.1
  4  0.1
  1  0.0
  7  0.0
  0  0.0
  6  0.0
%CPU     %MEM    
 101  0.7
PSR %CPU
  7  0.3
  2  0.0
  7  0.0
  3 98.2
  1  0.2
  5  0.2
  4  0.2
%CPU     %MEM    
 102  0.7
PSR %CPU
  0  0.3
  2  0.0
  7  0.0
  0 98.3
  1  0.2
  6  0.2
  4  0.2
  3  0.0
  7  0.0
  5  0.0
  2  0.0
%CPU     %MEM    
 103  0.7
PSR %CPU
  0  0.3
  2  0.0
  7  0.0
  0 99.1
  1  0.2
  6  0.2
  4  0.2
  3  0.0
  7  0.0
  5  0.0
  2  0.0
%CPU     %MEM    
 100  0.7
PSR %CPU
  7  0.5
  3  0.0
  3  0.0
  2 94.5
  0  0.3
  3  0.3
  2  0.3
  4  0.0
  6  0.0
  1  0.0
  5  0.0
%CPU     %MEM    
 101  0.7
PSR %CPU
  7  0.4
  3  0.0
  3  0.0
  2 95.4
  0  0.3
  3  0.3
  2  0.3
  4  0.0
  6  0.0
  1  0.0
  5  0.0
%CPU     %MEM    
 102  0.7
PSR %CPU
  0  0.5
  3  0.0
  3  0.0
  0 94.8
  7  0.4
  1  0.4
  6  0.4
  2  0.0
  4  0.0
  3  0.0
  5  0.0
%CPU     %MEM    
 103  0.7
PSR %CPU
  1  0.6
  3  0.0
  3  0.0
  0 94.5
  4  0.5
  0  0.5
  3  0.5
%CPU     %MEM    
 104  0.7
PSR %CPU
  1  0.7
  3  0.0
  3  0.0
  6 94.3
  2  0.6
  0  0.6
  6  0.6
  3  0.0
  5  0.0
  7  0.0
  4  0.0
%CPU     %MEM    
 105  0.7
PSR %CPU
  1  0.7
  3  0.0
  3  0.0
  6 95.1
  2  0.6
  0  0.6
  6  0.6
  3  0.0
  5  0.0
  7  0.0
  4  0.0
%CPU     %MEM    
 102  0.7
PSR %CPU
  3  0.8
  5  0.0
  4  0.0
  3 91.8
  0  0.7
  2  0.7
  1  0.6
  4  0.0
  6  0.0
  7  0.0
  5  0.0
%CPU     %MEM    
 103  0.7
PSR %CPU
  2  0.9
  5  0.0
  0  0.0
  3 91.5
  7  0.7
  6  0.8
  0  0.7
  5  0.0
  4  0.0
  1  0.0
  3  0.0
%CPU     %MEM    
 104  0.7
PSR %CPU
  1  1.0
  7  0.0
  0  0.0
  2 91.0
  5  0.9
  0  0.9
  2  0.9
%CPU     %MEM    
 105  0.7
PSR %CPU
  7  1.0
  7  0.0
  0  0.0
  5 91.3
  1  0.9
  4  0.9
  2  0.9
  0  0.0
  5  0.0
  6  0.0
  3  0.0
%CPU     %MEM    
 105  0.7
PSR %CPU
  5  1.1
  7  0.0
  2  0.0
  5 91.2
  2  1.0
  7  1.0
  0  1.0
  3  0.0
  4  0.0
  6  0.0
  1  0.0
%CPU     %MEM    
 103  0.7
PSR %CPU
  5  1.1
  7  0.0
  2  0.0
  5 89.4
  2  0.9
  7  1.0
  0  0.9
  3  0.0
  4  0.0
  6  0.0
  1  0.0
%CPU     %MEM    
 103  0.7
PSR %CPU
  5  1.0
  0  0.0
  3  0.0
  5 90.1
  2  0.9
  7  0.9
  0  0.9
  3  0.0
  4  0.0
  6  0.0
  1  0.0
%CPU     %MEM    
 104  0.7
PSR %CPU
  7  1.0
  0  0.0
  3  0.0
  5 90.7
  0  0.9
  5  0.9
  6  0.9
  4  0.0
  3  0.0
  2  0.0
  1  0.0
  5  0.0
  1  0.0
  6  0.0
  7  0.0
  0  0.0
  3  0.0
  3  0.0
%CPU     %MEM    
 105  0.7
PSR %CPU
  1  1.3
  7  0.0
  5  0.0
  3 89.6
  3  1.1
  7  1.2
  3  1.1
  7  0.0
  6  0.0
  1  0.0
  2  0.0
%CPU     %MEM    
 105  0.7
PSR %CPU
  4  1.3
  7  0.0
  5  0.0
  0 90.2
  3  1.1
  5  1.1
  0  1.1
  7  0.0
  6  0.0
  1  0.0
  2  0.0
%CPU     %MEM    
 106  0.7
PSR %CPU
  7  1.4
  0  0.0
  5  0.0
  7 90.3
  2  1.1
  0  1.2
  5  1.2
  1  0.0
  4  0.0
  3  0.0
  6  0.0
%CPU     %MEM    
 105  0.7
PSR %CPU
  5  1.6
  5  0.0
  5  0.0
  6 87.2
  4  1.3
  0  1.3
  2  1.3
  6  0.0
  4  0.0
  1  0.0
  3  0.0
  2  0.0
  1  0.0
  3  0.0
  2  0.0
  5  0.0
  5  0.0
  0  0.0
%CPU     %MEM    
 106  0.7
PSR %CPU
  5  1.7
  2  0.0
  6  0.1
  5 87.2
  3  1.4
  2  1.4
  7  1.4
  0  0.0
  6  0.0
  4  0.0
  1  0.0
%CPU     %MEM    
 106  0.7
PSR %CPU
  5  1.6
  2  0.0
  6  0.1
  5 87.8
  3  1.4
  2  1.4
  7  1.4
  0  0.0
  6  0.0
  4  0.0
  1  0.0
%CPU     %MEM    
 106  0.8
PSR %CPU
  6  1.7
  3  0.0
  7  0.1
  5 87.9
  0  1.4
  5  1.4
  2  1.4
  4  0.0
  2  0.0
  1  0.0
  7  0.0
  5  0.0
  7  0.0
  6  0.0
  7  0.0
  5  0.0
  4  0.0
  2  0.0
%CPU     %MEM    
 107  0.8
PSR %CPU
  4  1.8
  1  0.0
  7  0.1
  2 87.5
  5  1.5
  7  1.5
  3  1.5
%CPU     %MEM    
 107  0.8
PSR %CPU
  1  1.9
  1  0.1
  0  0.1
  2 87.4
  2  1.5
  4  1.5
  7  1.5
  3  0.0
  6  0.0
  5  0.0
  0  0.0
%CPU     %MEM    
 105  0.8
PSR %CPU
  1  1.8
  1  0.0
  0  0.1
  2 86.3
  2  1.4
  4  1.5
  7  1.5
  3  0.0
  6  0.0
  5  0.0
  0  0.0
%CPU     %MEM    
 105  0.8
PSR %CPU
  1  1.8
  3  0.0
  0  0.1
  2 86.9
  2  1.4
  4  1.5
  7  1.4
  3  0.0
  6  0.0
  5  0.0
  0  0.0
%CPU     %MEM    
 106  0.8
PSR %CPU
  1  1.7
  3  0.0
  1  0.1
  2 87.4
  2  1.4
  4  1.4
  7  1.4
  3  0.0
  6  0.0
  5  0.0
  0  0.0
%CPU     %MEM    
 106  0.8
PSR %CPU
  1  1.7
  3  0.0
  1  0.1
  2 88.0
  2  1.4
  4  1.4
  7  1.4
  3  0.0
  6  0.0
  5  0.0
  0  0.0
%CPU     %MEM    
 106  0.8
PSR %CPU
  4  1.8
  4  0.0
  3  0.1
  2 87.9
  2  1.4
  0  1.4
  3  1.4
  6  0.0
  1  0.0
  7  0.0
  5  0.0
%CPU     %MEM    
 107  0.8
PSR %CPU
  1  1.8
  5  0.0
  3  0.1
  2 88.0
  2  1.5
  6  1.5
  5  1.5
  4  0.0
  3  0.0
  0  0.0
  7  0.0
%CPU     %MEM    
 105  0.8
PSR %CPU
  5  1.9
  0  0.0
  1  0.1
  2 86.4
  7  1.5
  2  1.5
  4  1.5
  0  0.0
  1  0.0
  3  0.0
  6  0.0
%CPU     %MEM    
 105  0.8
PSR %CPU
  5  1.8
  0  0.0
  1  0.1
  2 86.9
  7  1.4
  2  1.5
  4  1.5
  0  0.0
  1  0.0
  3  0.0
  6  0.0
%CPU     %MEM    
 106  0.8
PSR %CPU
  5  1.9
  0  0.1
  1  0.1
  2 86.9
  3  1.5
  4  1.5
  2  1.5
  7  0.0
  0  0.0
  1  0.0
  6  0.0
%CPU     %MEM    
 106  0.8
PSR %CPU
  5  2.0
  0  0.0
  3  0.1
  2 87.0
  4  1.5
  7  1.5
  6  1.5
  0  0.0
  1  0.0
  2  0.0
  3  0.0
%CPU     %MEM    
 106  0.8
PSR %CPU
  5  1.9
  0  0.0
  4  0.1
  2 87.5
  4  1.5
  7  1.5
  6  1.5
  0  0.0
  1  0.0
  2  0.0
  3  0.0
%CPU     %MEM    
 105  0.8
PSR %CPU
  5  2.0
  0  0.0
  4  0.1
  5 86.1
  0  1.5
  4  1.5
  7  1.5
  3  0.0
  2  0.0
  6  0.0
  1  0.0
%CPU     %MEM    
 105  0.8
PSR %CPU
  5  1.9
  0  0.0
  4  0.1
  5 86.6
  0  1.5
  4  1.5
  7  1.5
  3  0.0
  2  0.0
  6  0.0
  1  0.0
%CPU     %MEM    
 106  0.8
PSR %CPU
  0  2.0
  0  0.0
  4  0.1
  5 86.5
  5  1.5
  1  1.5
  2  1.5
%CPU     %MEM    
 106  0.8
PSR %CPU
  7  2.1
  0  0.0
  4  0.1
  5 86.4
  6  1.5
  4  1.6
  1  1.5
  5  0.0
  3  0.0
  0  0.0
  2  0.0
%CPU     %MEM    
 106  0.8
PSR %CPU
  0  2.1
  0  0.0
  4  0.1
  5 86.5
  2  1.6
  5  1.6
  3  1.6
  1  0.0
  7  0.0
  6  0.0
  4  0.0
%CPU     %MEM    
 106  0.8
PSR %CPU
  0  2.1
  2  0.0
  4  0.1
  5 87.0
  2  1.6
  5  1.6
  3  1.6
  1  0.0
  7  0.0
  6  0.0
  4  0.0
%CPU     %MEM    
 105  0.8
PSR %CPU
  1  2.1
  2  0.0
  6  0.1
  5 85.8
  0  1.6
  4  1.6
  3  1.6
  7  0.0
  5  0.0
  2  0.0
  6  0.0
%CPU     %MEM    
 106  0.8
PSR %CPU
  1  2.1
  2  0.0
  6  0.1
  5 86.3
  0  1.5
  4  1.6
  3  1.5
  7  0.0
  5  0.0
  2  0.0
  6  0.0
%CPU     %MEM    
 106  0.8
PSR %CPU
  2  2.2
  6  0.0
  6  0.1
  5 86.3
  6  1.6
  4  1.6
  3  1.6
  1  0.0
  5  0.0
  0  0.0
  7  0.0
%CPU     %MEM    
 106  0.8
PSR %CPU
  6  2.2
  6  0.0
  7  0.1
  5 86.4
  7  1.6
  5  1.6
  1  1.6
  2  0.0
  2  0.0
  4  0.0
  0  0.0
%CPU     %MEM    
 107  0.8
PSR %CPU
  6  2.2
  6  0.0
  7  0.1
  5 86.8
  7  1.6
  5  1.6
  1  1.6
  2  0.0
  2  0.0
  4  0.0
  0  0.0
%CPU     %MEM    
 107  0.8
PSR %CPU
  3  2.3
  2  0.1
  7  0.1
  5 86.6
  0  1.6
  5  1.6
  6  1.6
  4  0.0
  2  0.0
  1  0.0
  7  0.0
%CPU     %MEM    
 106  0.8
PSR %CPU
  3  2.2
  2  0.1
  7  0.1
  5 85.9
  0  1.6
  5  1.6
  6  1.6
  4  0.0
  2  0.0
  1  0.0
  7  0.0
%CPU     %MEM    
 106  0.8
PSR %CPU
  3  2.2
  3  0.1
  7  0.1
  5 86.3
  0  1.5
  5  1.6
  6  1.5
  4  0.0
  2  0.0
  1  0.0
  7  0.0
%CPU     %MEM    
 106  0.8
PSR %CPU
  7  2.2
  3  0.1
  7  0.1
  5 86.5
  0  1.6
  4  1.6
  1  1.6
  3  0.0
  5  0.0
  0  0.0
  6  0.0
  4  0.0
  1  0.0
  6  0.0
  6  0.0
  4  0.0
  1  0.0
  0  0.0
%CPU     %MEM    
 106  0.8
PSR %CPU
  3  2.2
  3  0.0
  7  0.1
  5 86.7
  6  1.6
  4  1.6
  1  1.6
  5  0.0
  0  0.0
  7  0.0
  2  0.0
%CPU     %MEM    
 107  0.8
PSR %CPU
  5  2.3
  3  0.0
  0  0.1
  1 86.8
  3  1.6
  6  1.6
  4  1.6
  0  0.0
  2  0.0
  7  0.0
  1  0.0
%CPU     %MEM    
 107  0.8
PSR %CPU
  5  2.2
  3  0.0
  0  0.1
  2 87.1
  3  1.6
  6  1.6
  4  1.6
  0  0.0
  2  0.0
  7  0.0
  1  0.0
%CPU     %MEM    
 106  0.8
PSR %CPU
  5  2.2
  3  0.0
  0  0.1
  2 86.5
  3  1.5
  6  1.5
  4  1.5
  0  0.0
  2  0.0
  7  0.0
  1  0.0
%CPU     %MEM    
 106  0.8
PSR %CPU
  5  2.1
  3  0.0
  0  0.1
  2 86.8
  3  1.5
  6  1.5
  4  1.5
  0  0.0
  2  0.0
  7  0.0
  1  0.0
%CPU     %MEM    
 106  0.8
PSR %CPU
  6  2.2
  1  0.1
  3  0.1
  2 86.8
  4  1.5
  3  1.5
  2  1.5
  7  0.0
  1  0.0
  5  0.0
  0  0.0
%CPU     %MEM    
 106  0.8
PSR %CPU
  6  2.2
  3  0.1
  3  0.1
  2 87.2
  4  1.5
  3  1.5
  2  1.5
  7  0.0
  1  0.0
  5  0.0
  0  0.0
%CPU     %MEM    
 106  0.8
PSR %CPU
  6  2.1
  3  0.1
  3  0.1
  2 87.5
  4  1.5
  3  1.5
  2  1.5
  7  0.0
  1  0.0
  5  0.0
  0  0.0
%CPU     %MEM    
 105  0.8
PSR %CPU
  1  2.2
  5  0.0
  5  0.1
  2 86.6
  6  1.5
  0  1.5
  4  1.5
  2  0.0
  7  0.0
  5  0.0
  3  0.0
%CPU     %MEM    
 106  0.8
PSR %CPU
  1  2.2
  5  0.0
  0  0.1
  2 86.9
  6  1.5
  0  1.5
  4  1.5
  2  0.0
  7  0.0
  5  0.0
  3  0.0
%CPU     %MEM    
 106  0.8
PSR %CPU
  4  2.3
  7  0.0
  5  0.1
  3 86.5
  6  1.6
  1  1.6
  0  1.6
  2  0.0
  3  0.0
  5  0.0
  7  0.0
%CPU     %MEM    
 106  0.8
PSR %CPU
  4  2.3
  0  0.1
  5  0.1
  3 86.8
  6  1.6
  1  1.6
  0  1.6
  2  0.0
  3  0.0
  5  0.0
  7  0.0
%CPU     %MEM    
 106  0.8
PSR %CPU
  1  2.3
  0  0.1
  1  0.1
  3 86.8
  3  1.6
  5  1.6
  2  1.6
  7  0.0
  6  0.0
  0  0.0
  4  0.0
%CPU     %MEM    
 106  0.8
PSR %CPU
  1  2.3
  0  0.1
  1  0.1
  3 87.1
  3  1.6
  5  1.6
  2  1.6
  7  0.0
  6  0.0
  0  0.0
  4  0.0
%CPU     %MEM    
 105  0.8
PSR %CPU
  1  2.2
  0  0.1
  1  0.1
  3 86.5
  3  1.5
  5  1.5
  2  1.5
  7  0.0
  6  0.0
  0  0.0
  4  0.0
%CPU     %MEM    
 106  0.8
PSR %CPU
  1  2.2
  0  0.1
  1  0.1
  3 86.9
  3  1.5
  5  1.5
  2  1.5
  7  0.0
  6  0.0
  0  0.0
  4  0.0
%CPU     %MEM    
 106  0.8
PSR %CPU
  1  2.2
  1  0.1
  1  0.1
  3 87.2
  3  1.5
  5  1.5
  2  1.5
  7  0.0
  6  0.0
  0  0.0
  4  0.0
%CPU     %MEM    
 106  0.8
PSR %CPU
  3  2.2
  1  0.0
  1  0.1
  4 87.2
  0  1.5
  5  1.5
  2  1.5
  4  0.0
  1  0.0
  6  0.0
  7  0.0
%CPU     %MEM    
 106  0.8
PSR %CPU
  6  2.3
  2  0.0
  4  0.1
  4 87.1
  0  1.5
  3  1.5
  1  1.5
  7  0.0
  5  0.0
  4  0.0
  2  0.0
%CPU     %MEM    
 106  0.9
PSR %CPU
  6  2.3
  2  0.0
  1  0.1
  4 87.1
  5  1.6
  7  1.6
  0  1.6
  1  0.0
  3  0.0
  2  0.0
  4  0.0
%CPU     %MEM    
 106  0.9
PSR %CPU
  6  2.3
  2  0.0
  1  0.1
  4 86.6
  5  1.5
  7  1.6
  0  1.5
  1  0.0
  3  0.0
  2  0.0
  4  0.0
%CPU     %MEM    
 106  0.9
PSR %CPU
  4  2.4
  3  0.1
  1  0.1
  5 86.5
  3  1.6
  6  1.6
  2  1.6
  1  0.0
  0  0.0
  7  0.0
  5  0.0
%CPU     %MEM    
 106  0.9
PSR %CPU
  2  2.4
  3  0.1
  2  0.1
  5 86.6
  5  1.6
  6  1.6
  1  1.5
  3  0.0
  0  0.0
  4  0.0
  6  0.0
%CPU     %MEM    
 106  0.9
PSR %CPU
  5  2.4
  4  0.1
  2  0.1
  6 86.7
  2  1.6
  0  1.6
  3  1.6
  7  0.0
  1  0.0
  6  0.0
  4  0.0
%CPU     %MEM    
 106  0.9
PSR %CPU
  4  2.5
  3  0.1
  2  0.1
  6 86.7
  2  1.6
  6  1.6
  7  1.6
  1  0.0
  3  0.0
  2  0.0
  0  0.0
%CPU     %MEM    
 106  0.9
PSR %CPU
  4  2.4
  3  0.1
  2  0.1
  6 87.0
  2  1.6
  6  1.6
  7  1.6
  1  0.0
  3  0.0
  2  0.0
  0  0.0
%CPU     %MEM    
 106  0.9
PSR %CPU
  7  2.5
  3  0.0
  5  0.1
  6 86.2
  1  1.6
  4  1.6
  2  1.6
  0  0.0
  3  0.0
  6  0.0
  5  0.0
%CPU     %MEM    
 106  0.9
PSR %CPU
  7  2.5
  3  0.0
  5  0.1
  6 86.4
  1  1.6
  4  1.6
  2  1.6
  0  0.0
  3  0.0
  6  0.0
  5  0.0
%CPU     %MEM    
 106  0.9
PSR %CPU
  6  2.6
  3  0.0
  5  0.1
  6 86.2
  3  1.6
  2  1.6
  2  1.6
  4  0.0
  7  0.0
  5  0.0
  0  0.0
%CPU     %MEM    
 106  0.9
PSR %CPU
  7  2.7
  3  0.1
  1  0.1
  2 86.1
  5  1.6
  4  1.7
  3  1.6
  3  0.0
  0  0.0
  2  0.0
  6  0.0
%CPU     %MEM    
 106  0.9
PSR %CPU
  6  2.7
  3  0.1
  5  0.1
  2 86.0
  4  1.7
  1  1.7
  5  1.7
  3  0.0
  2  0.0
  0  0.0
  7  0.0
%CPU     %MEM    
 106  0.9
PSR %CPU
  6  2.7
  3  0.1
  7  0.1
  2 85.5
  4  1.6
  1  1.6
  5  1.6
  3  0.0
  2  0.0
  0  0.0
  7  0.0
%CPU     %MEM    
 106  0.9
PSR %CPU
  6  2.7
  3  0.1
  7  0.1
  2 85.8
  4  1.6
  1  1.6
  5  1.6
  3  0.0
  2  0.0
  0  0.0
  7  0.0
%CPU     %MEM    
 106  0.9
PSR %CPU
  0  2.7
  3  0.1
  4  0.1
  2 85.7
  5  1.7
  6  1.7
  3  1.6
%CPU     %MEM    
 106  0.9
PSR %CPU
  5  2.8
  3  0.1
  4  0.1
  2 85.7
  4  1.7
  3  1.7
  6  1.7
  0  0.0
  7  0.0
  2  0.0
  1  0.0
%CPU     %MEM    
 106  0.9
PSR %CPU
  5  2.7
  3  0.1
  4  0.1
  2 86.0
  4  1.7
  3  1.7
  6  1.6
  0  0.0
  7  0.0
  2  0.0
  1  0.0
%CPU     %MEM    
 106  0.9
PSR %CPU
  2  2.8
  5  0.1
  4  0.1
  3 86.0
  0  1.7
  5  1.7
  3  1.7
  1  0.0
  6  0.0
  7  0.0
  4  0.0
%CPU     %MEM    
 106  0.9
PSR %CPU
  2  2.8
  5  0.1
  4  0.1
  3 85.6
  0  1.7
  5  1.7
  3  1.6
  1  0.0
  6  0.0
  7  0.0
  4  0.0
%CPU     %MEM    
 106  0.9
PSR %CPU
  2  2.7
  5  0.1
  4  0.1
  3 85.8
  0  1.6
  5  1.6
  3  1.6
  1  0.0
  6  0.0
  7  0.0
  4  0.0
%CPU     %MEM    
 106  0.9
PSR %CPU
  2  2.7
  5  0.1
  4  0.1
  3 86.0
  0  1.6
  5  1.6
  3  1.6
  1  0.0
  6  0.0
  4  0.0
  7  0.0
  4  0.0
  7  0.0
  5  0.0
  0  0.0
  3  0.0
  7  0.0
  1  0.0
%CPU     %MEM    
 106  0.9
PSR %CPU
  6  2.8
  6  0.1
  6  0.1
  3 86.0
  0  1.6
  7  1.6
  5  1.6
  4  0.0
  2  0.0
  3  0.0
  1  0.0
%CPU     %MEM    
 106  0.9
PSR %CPU
  6  2.7
  6  0.1
  6  0.1
  3 86.2
  0  1.6
  7  1.6
  5  1.6
  4  0.0
  2  0.0
  3  0.0
  1  0.0
%CPU     %MEM    
 106  0.9
PSR %CPU
  6  2.7
  6  0.1
  6  0.1
  3 86.4
  0  1.6
  7  1.6
  5  1.6
  4  0.0
  2  0.0
  3  0.0
  1  0.0
%CPU     %MEM    
 106  0.9
PSR %CPU
  4  2.8
  6  0.1
  6  0.1
  3 85.5
  2  1.7
  5  1.7
  3  1.6
  1  0.0
  6  0.0
  7  0.0
  0  0.0
%CPU     %MEM    
 106  0.9
PSR %CPU
  4  2.8
  6  0.1
  6  0.1
  3 85.7
  2  1.6
  5  1.6
  3  1.6
  1  0.0
  6  0.0
  7  0.0
  0  0.0
%CPU     %MEM    
 106  0.9
PSR %CPU
  0  2.8
  6  0.1
  6  0.1
  3 85.9
  2  1.6
  1  1.6
  5  1.6
%CPU     %MEM    
 106  0.9
PSR %CPU
  6  2.9
  7  0.1
  2  0.1
  3 85.9
  1  1.6
  7  1.6
  4  1.6
  3  0.0
  5  0.0
  2  0.0
  0  0.0
%CPU     %MEM    
 106  0.9
PSR %CPU
  6  2.8
  7  0.1
  2  0.1
  3 86.2
  1  1.6
  7  1.6
  4  1.6
  3  0.0
  5  0.0
  2  0.0
  0  0.0
%CPU     %MEM    
 106  0.9
PSR %CPU
  4  2.9
  0  0.1
  4  0.1
  5 85.5
  0  1.6
  6  1.6
  7  1.6
  5  0.0
  1  0.0
  3  0.0
  2  0.0
%CPU     %MEM    
 106  0.9
PSR %CPU
  6  3.0
  1  0.1
  4  0.1
  5 85.1
  1  1.7
  3  1.7
  7  1.7
  0  0.0
  5  0.0
  2  0.0
  2  0.0
%CPU     %MEM    
 106  0.9
PSR %CPU
  3  3.2
  1  0.1
  7  0.1
  5 84.7
  0  1.7
  7  1.7
  2  1.7
  4  0.0
  5  0.0
  6  0.0
  1  0.0
%CPU     %MEM    
 106  0.9
PSR %CPU
  6  3.2
  1  0.1
  0  0.1
  5 84.8
  5  1.7
  3  1.7
  4  1.7
  0  0.0
  1  0.0
  2  0.0
  3  0.0
  5  0.0
  4  0.0
  1  0.0
  3  0.0
  4  0.0
  5  0.0
  3  0.0
%CPU     %MEM    
 106  0.9
PSR %CPU
  6  3.2
  1  0.1
  7  0.1
  5 84.9
  5  1.7
  1  1.7
  4  1.7
  7  0.0
  0  0.0
  2  0.0
  3  0.0
%CPU     %MEM    
 106  0.9
PSR %CPU
  6  3.2
  1  0.1
  7  0.1
  5 85.1
  5  1.7
  1  1.7
  4  1.7
  7  0.0
  0  0.0
  2  0.0
  3  0.0
%CPU     %MEM    
 106  0.9
PSR %CPU
  5  3.2
  4  0.1
  0  0.1
  7 84.5
  4  1.7
  1  1.7
  6  1.7
  7  0.0
  0  0.0
  3  0.0
  2  0.0
%CPU     %MEM    
 106  0.9
PSR %CPU
  5  3.2
  4  0.1
  0  0.1
  7 84.7
  4  1.7
  1  1.7
  6  1.7
  7  0.0
  0  0.0
  3  0.0
  2  0.0
%CPU     %MEM    
 106  0.9
PSR %CPU
  7  3.3
  1  0.1
  1  0.1
  0 84.7
  3  1.7
  5  1.7
  2  1.7
  6  0.0
  0  0.0
  1  0.0
  4  0.0
%CPU     %MEM    
 106  0.9
PSR %CPU
  1  3.3
  2  0.1
  2  0.1
  0 84.7
  3  1.7
  0  1.7
  6  1.7
  7  0.0
  4  0.0
  4  0.0
  2  0.0
%CPU     %MEM    
 106  0.9
PSR %CPU
  4  3.3
  2  0.1
  3  0.1
  0 84.8
  6  1.7
  3  1.7
  7  1.7
  2  0.0
  5  0.0
  0  0.0
  1  0.0
%CPU     %MEM    
 106  0.9
PSR %CPU
  1  3.4
  3  0.1
  3  0.1
  2 84.8
  5  1.8
  0  1.8
  3  1.7
  6  0.0
  2  0.0
  7  0.0
  4  0.0
%CPU     %MEM    
 106  0.9
PSR %CPU
  1  3.3
  4  0.1
  3  0.1
  2 84.5
  5  1.7
  0  1.7
  3  1.7
  6  0.0
  2  0.0
  7  0.0
  4  0.0
%CPU     %MEM    
 106  0.9
PSR %CPU
  1  3.3
  4  0.1
  3  0.1
  2 84.7
  5  1.7
  0  1.7
  3  1.7
  6  0.0
  2  0.0
  7  0.0
  4  0.0
%CPU     %MEM    
 106  0.9
PSR %CPU
  1  3.3
  4  0.1
  3  0.1
  2 84.8
  4  1.7
  2  1.7
  3  1.7
  0  0.0
  6  0.0
  7  0.0
  6  0.0
  3  0.0
  6  0.0
  4  0.0
  5  0.0
  2  0.0
  6  0.0
  2  0.0
%CPU     %MEM    
 106  0.9
PSR %CPU
  7  3.3
  4  0.1
  3  0.1
  2 84.8
  4  1.7
  2  1.7
  6  1.7
  5  0.0
  0  0.0
  3  0.0
  1  0.0
%CPU     %MEM    
 106  0.9
PSR %CPU
  7  3.3
  4  0.1
  3  0.1
  2 85.0
  4  1.7
  2  1.7
  6  1.7
  5  0.0
  0  0.0
  3  0.0
  1  0.0
%CPU     %MEM    
 106  0.9
PSR %CPU
  7  3.3
  4  0.1
  3  0.1
  2 85.2
  4  1.7
  2  1.7
  6  1.7
  5  0.0
  0  0.0
  3  0.0
  1  0.0
%CPU     %MEM    
 106  0.9
PSR %CPU
  3  3.3
  4  0.1
  5  0.1
  2 84.6
  1  1.7
  4  1.7
  7  1.7
  2  0.0
  6  0.0
  5  0.0
  0  0.0
%CPU     %MEM    
 106  0.9
PSR %CPU
  3  3.3
  4  0.1
  5  0.1
  2 84.8
  1  1.7
  4  1.7
  7  1.7
  2  0.0
  6  0.0
  5  0.0
  0  0.0
%CPU     %MEM    
 106  0.9
PSR %CPU
  3  3.3
  4  0.1
  5  0.1
  2 85.0
  1  1.7
  4  1.7
  7  1.7
  2  0.0
  6  0.0
  5  0.0
  0  0.0
%CPU     %MEM    
 106  0.9
PSR %CPU
  3  3.3
  4  0.1
  5  0.1
  2 85.2
  1  1.7
  4  1.7
  7  1.7
  2  0.0
  6  0.0
  5  0.0
  0  0.0
%CPU     %MEM    
 106  0.9
PSR %CPU
  3  3.2
  4  0.1
  5  0.1
  2 85.4
  1  1.7
  4  1.7
  7  1.6
  2  0.0
  6  0.0
  5  0.0
  0  0.0
%CPU     %MEM    
 105  0.9
PSR %CPU
  4  3.3
  6  0.1
  7  0.1
  2 84.7
  1  1.7
  7  1.7
  6  1.7
%CPU     %MEM    
 105  0.9
PSR %CPU
  4  3.3
  6  0.1
  7  0.1
  2 84.8
  3  1.7
  6  1.7
  1  1.7
  5  0.0
  2  0.0
  0  0.0
  7  0.0
%CPU     %MEM    
 106  0.9
PSR %CPU
  4  3.3
  6  0.1
  7  0.1
  2 85.0
  3  1.7
  6  1.7
  1  1.7
  5  0.0
  2  0.0
  0  0.0
  7  0.0
%CPU     %MEM    
 106  0.9
PSR %CPU
  4  3.3
  6  0.1
  7  0.1
  2 85.2
  3  1.7
  6  1.7
  1  1.6
  5  0.0
  2  0.0
  0  0.0
  7  0.0
%CPU     %MEM    
 106  0.9
PSR %CPU
  7  3.3
  0  0.1
  0  0.1
  2 85.2
  0  1.7
  5  1.7
  3  1.7
  1  0.0
  4  0.0
  6  0.0
  3  0.0
%CPU     %MEM    
 106  0.9
PSR %CPU
  7  3.3
  0  0.1
  0  0.1
  2 85.4
  0  1.7
  5  1.7
  3  1.6
  1  0.0
  4  0.0
  6  0.0
  3  0.0
%CPU     %MEM    
 105  0.9
PSR %CPU
  7  3.4
  1  0.1
  0  0.1
  2 84.8
  5  1.7
  3  1.7
  1  1.7
  0  0.0
  4  0.0
  6  0.0
  2  0.0
%CPU     %MEM    
 105  0.9
PSR %CPU
  7  3.3
  1  0.1
  0  0.1
  2 85.0
  5  1.7
  3  1.7
  1  1.6
  0  0.0
  4  0.0
  6  0.0
  2  0.0
%CPU     %MEM    
 105  0.9
PSR %CPU
  7  3.3
  1  0.1
  0  0.1
  2 85.1
  5  1.7
  3  1.7
  2  1.6
%CPU     %MEM    
 106  0.9
PSR %CPU
  2  3.4
  5  0.1
  0  0.1
  3 85.1
  7  1.7
  5  1.7
  3  1.6
  4  0.0
  0  0.0
  1  0.0
  6  0.0
%CPU     %MEM    
 106  0.9
PSR %CPU
  6  3.4
  7  0.1
  0  0.1
  3 85.1
  3  1.7
  5  1.7
  2  1.7
  7  0.0
  0  0.0
  4  0.0
  1  0.0
%CPU     %MEM    
 106  0.9
PSR %CPU
  5  3.5
  0  0.1
  0  0.1
  3 85.0
  3  1.7
  1  1.7
  4  1.7
  7  0.0
  2  0.0
  6  0.0
  0  0.0
%CPU     %MEM    
 105  0.9
PSR %CPU
  5  3.5
  0  0.1
  0  0.1
  3 84.7
  3  1.7
  1  1.7
  4  1.7
  7  0.0
  2  0.0
  6  0.0
  0  0.0
%CPU     %MEM    
 105  0.9
PSR %CPU
  5  3.5
  0  0.1
  0  0.1
  3 84.9
  3  1.7
  1  1.7
  4  1.7
  7  0.0
  2  0.0
  6  0.0
  0  0.0
%CPU     %MEM    
 106  0.9
PSR %CPU
  3  3.5
  2  0.1
  0  0.1
  4 84.8
  4  1.7
  2  1.7
  5  1.7
  1  0.0
  6  0.0
  0  0.0
  7  0.0
  0  0.0
  2  0.0
  4  0.0
  5  0.0
  7  0.0
  7  0.0
  3  0.0
%CPU     %MEM    
 106  0.9
PSR %CPU
  1  3.6
  4  0.1
  2  0.1
  4 84.7
  5  1.7
  4  1.7
  7  1.7
%CPU     %MEM    
 106  0.9
PSR %CPU
  1  3.8
  7  0.1
  3  0.1
  4 84.2
  3  1.8
  0  1.8
  6  1.7
%CPU     %MEM    
 106  0.9
PSR %CPU
  6  3.9
  0  0.1
  2  0.1
  4 84.0
  0  1.8
  7  1.8
  1  1.8
  3  0.0
  2  0.0
  5  0.0
  4  0.0
%CPU     %MEM    
 106  0.9
PSR %CPU
  4  4.0
  3  0.1
  4  0.1
  7 83.3
  6  1.8
  0  1.8
  7  1.8
  0  0.0
  1  0.0
  2  0.0
  3  0.0
%CPU     %MEM    
 106  0.9
PSR %CPU
  5  4.1
  3  0.1
  4  0.1
  7 83.2
  0  1.8
  7  1.8
  2  1.8
  4  0.0
  1  0.0
  6  0.0
  3  0.0
%CPU     %MEM    
 106  0.9
PSR %CPU
  5  4.2
  3  0.1
  4  0.1
  5 83.2
  3  1.8
  2  1.8
  0  1.8
  4  0.0
  1  0.0
  6  0.0
  7  0.0
%CPU     %MEM    
 106  0.9
PSR %CPU
  5  4.2
  3  0.1
  4  0.1
  5 83.4
  3  1.8
  2  1.8
  0  1.8
  4  0.0
  1  0.0
  6  0.0
  7  0.0
%CPU     %MEM    
 106  0.9
PSR %CPU
  1  4.2
  6  0.1
  7  0.1
  3 83.3
  4  1.8
  5  1.8
  7  1.8
  3  0.0
  0  0.0
  2  0.0
  6  0.0
%CPU     %MEM    
 106  0.9
PSR %CPU
  1  4.2
  6  0.1
  7  0.1
  3 83.0
  4  1.8
  5  1.8
  7  1.8
  3  0.0
  0  0.0
  2  0.0
  6  0.0
%CPU     %MEM    
 106  0.9
PSR %CPU
  3  4.2
  2  0.1
  0  0.1
  6 83.0
  4  1.8
  1  1.8
  2  1.8
  6  0.0
  5  0.0
  0  0.0
  7  0.0
%CPU     %MEM    
 106  0.9
PSR %CPU
  3  4.2
  2  0.1
  0  0.1
  6 83.2
  4  1.8
  1  1.8
  2  1.8
  6  0.0
  5  0.0
  0  0.0
  7  0.0
%CPU     %MEM    
 106  1.0
PSR %CPU
  7  4.2
  2  0.1
  0  0.1
  6 83.3
  6  1.8
  4  1.8
  5  1.8
%CPU     %MEM    
 106  0.9
PSR %CPU
  7  4.3
  2  0.1
  1  0.1
  6 83.3
  6  1.8
  4  1.8
  5  1.8
  2  0.0
  0  0.0
  1  0.0
  3  0.0
%CPU     %MEM    
 106  1.0
PSR %CPU
  7  4.3
  4  0.1
  1  0.1
  6 83.3
  0  1.8
  6  1.8
  1  1.8
  2  0.0
  3  0.0
  5  0.0
  4  0.0
%CPU     %MEM    
 106  1.0
PSR %CPU
  7  4.3
  4  0.1
  3  0.1
  6 83.0
  0  1.8
  6  1.8
  1  1.8
  2  0.0
  3  0.0
  5  0.0
  4  0.0
%CPU     %MEM    
 106  1.0
PSR %CPU
  7  4.2
  4  0.1
  3  0.1
  6 83.2
  0  1.8
  6  1.8
  1  1.8
  2  0.0
  3  0.0
  5  0.0
  4  0.0
%CPU     %MEM    
 106  1.0
PSR %CPU
  7  4.2
  4  0.1
  3  0.1
  6 83.3
  0  1.8
  6  1.8
  1  1.8
%CPU     %MEM    
 106  1.0
PSR %CPU
  6  4.4
  1  0.1
  5  0.1
  6 82.9
  5  1.8
  4  1.8
  3  1.8
  7  0.0
  0  0.0
  2  0.0
  5  0.0
  7  0.0
  3  0.0
  5  0.0
  4  0.0
  5  0.0
  3  0.0
  4  0.0
%CPU     %MEM    
 106  1.0
PSR %CPU
  3  4.5
  4  0.1
  5  0.1
  7 82.8
  4  1.9
  1  1.9
  5  1.9
  6  0.0
  2  0.0
  0  0.0
  7  0.0
%CPU     %MEM    
 106  1.0
PSR %CPU
  3  4.5
  4  0.1
  5  0.1
  2 83.0
  4  1.8
  1  1.9
  5  1.8
  6  0.0
  2  0.0
  0  0.0
  7  0.0
%CPU     %MEM    
 106  1.0
PSR %CPU
  4  4.5
  4  0.1
  4  0.1
  3 82.5
  6  1.8
  7  1.9
  5  1.8
  0  0.0
  2  0.0
  1  0.0
  3  0.0
%CPU     %MEM    
 106  1.0
PSR %CPU
  1  4.6
  6  0.1
  1  0.1
  3 82.5
  3  1.9
  6  1.9
  7  1.9
  4  0.0
  0  0.0
  2  0.0
  5  0.0
%CPU     %MEM    
 106  1.0
PSR %CPU
  3  4.7
  0  0.1
  5  0.1
  4 82.5
  1  1.9
  2  1.9
  4  1.9
  6  0.0
  7  0.0
  5  0.0
  0  0.0
%CPU     %MEM    
 106  1.0
PSR %CPU
  3  4.6
  0  0.1
  5  0.1
  4 82.6
  1  1.9
  2  1.9
  4  1.9
  6  0.0
  7  0.0
  5  0.0
  0  0.0
%CPU     %MEM    
 106  1.0
PSR %CPU
  5  4.7
  0  0.1
  6  0.1
  4 82.6
  0  1.9
  4  1.9
  7  1.9
  6  0.0
  1  0.0
  2  0.0
  3  0.0
%CPU     %MEM    
 106  1.0
PSR %CPU
  5  4.7
  0  0.1
  6  0.1
  4 82.8
  0  1.9
  4  1.9
  7  1.9
  6  0.0
  1  0.0
  2  0.0
  3  0.0
%CPU     %MEM    
 106  1.0
PSR %CPU
  5  4.6
  0  0.1
  6  0.1
  4 82.5
  0  1.9
  4  1.9
  7  1.8
  6  0.0
  1  0.0
  2  0.0
  3  0.0
%CPU     %MEM    
 106  1.0
PSR %CPU
  5  4.6
  0  0.1
  6  0.1
  4 82.7
  0  1.8
  4  1.8
  7  1.8
  6  0.0
  1  0.0
  2  0.0
  3  0.0
%CPU     %MEM    
 106  1.0
PSR %CPU
  1  4.7
  2  0.1
  3  0.1
  4 82.6
  2  1.9
  7  1.9
  5  1.8
  3  0.0
  0  0.0
  6  0.0
  4  0.0
%CPU     %MEM    
 106  1.0
PSR %CPU
  0  4.7
  4  0.1
  3  0.1
  4 82.6
  3  1.9
  1  1.9
  2  1.8
%CPU     %MEM    
 106  1.0
PSR %CPU
  7  4.7
  5  0.1
  3  0.1
  4 82.8
  3  1.9
  2  1.9
  6  1.8
  1  0.0
  0  0.0
  4  0.0
  5  0.0
%CPU     %MEM    
 106  1.0
PSR %CPU
  6  4.7
  4  0.1
  0  0.1
  6 82.3
  7  1.9
  0  1.9
  1  1.8
  5  0.0
  3  0.0
  4  0.0
  2  0.0
%CPU     %MEM    
 106  1.0
PSR %CPU
  6  4.7
  4  0.1
  1  0.1
  6 82.5
  7  1.9
  0  1.9
  1  1.8
  5  0.0
  3  0.0
  4  0.0
  2  0.0
%CPU     %MEM    
 106  1.0
PSR %CPU
  5  4.9
  7  0.1
  2  0.1
  6 82.3
  4  1.9
  1  1.9
  0  1.9
  6  0.0
  2  0.0
  7  0.0
  3  0.0
%CPU     %MEM    
 106  1.0
PSR %CPU
  4  4.9
  7  0.1
  2  0.1
  6 82.3
  6  1.9
  7  1.9
  2  1.9
%CPU     %MEM    
 106  1.0
PSR %CPU
  1  5.0
  0  0.1
  2  0.1
  7 82.2
  4  1.9
  3  1.9
  5  1.9
  7  0.0
  6  0.0
  2  0.0
  0  0.0
%CPU     %MEM    
 107  1.0
PSR %CPU
  0  5.1
  4  0.1
  2  0.1
  7 82.1
  3  1.9
  1  1.9
  2  1.9
  7  0.0
  5  0.0
  4  0.0
  6  0.0
%CPU     %MEM    
 106  1.0
PSR %CPU
  6  5.1
  4  0.1
  4  0.1
  7 81.7
  1  1.9
  2  1.9
  0  1.9
  4  0.0
  7  0.0
  5  0.0
  3  0.0
%CPU     %MEM    
 106  1.0
PSR %CPU
  6  5.1
  4  0.1
  4  0.1
  7 81.9
  1  1.9
  2  1.9
  0  1.9
  4  0.0
  7  0.0
  5  0.0
  3  0.0
%CPU     %MEM    
 106  1.0
PSR %CPU
  3  5.2
  0  0.1
  4  0.1
  7 81.8
  0  1.9
  6  1.9
  1  1.9
%CPU     %MEM    
 107  1.0
PSR %CPU
  4  5.2
  0  0.1
  4  0.1
  7 81.7
  3  1.9
  6  1.9
  5  1.9
  1  0.0
  2  0.0
  0  0.0
  5  0.0
  6  0.0
  5  0.0
  2  0.0
  3  0.0
  5  0.0
  6  0.0
  3  0.0
%CPU     %MEM    
 107  1.0
PSR %CPU
  5  5.3
  0  0.1
  4  0.1
  7 81.8
  1  1.9
  6  1.9
  4  1.9
  0  0.0
  7  0.0
  3  0.0
  2  0.0
%CPU     %MEM    
 107  1.0
PSR %CPU
  4  5.3
  0  0.1
  4  0.1
  7 81.8
  1  1.9
  2  2.0
  7  2.0
  3  0.0
  6  0.0
  5  0.0
  0  0.0
%CPU     %MEM    
 106  1.0
PSR %CPU
  4  5.3
  0  0.1
  4  0.1
  7 81.6
  1  1.9
  2  1.9
  7  1.9
  3  0.0
  6  0.0
  5  0.0
  0  0.0
%CPU     %MEM    
 106  1.0
PSR %CPU
  4  5.3
  0  0.1
  4  0.1
  7 81.7
  1  1.9
  2  1.9
  7  1.9
  3  0.0
  6  0.0
  5  0.0
  0  0.0
%CPU     %MEM    
 106  1.0
PSR %CPU
  4  5.2
  0  0.1
  4  0.1
  7 81.8
  1  1.9
  2  1.9
  7  1.9
  5  0.0
  6  0.0
  3  0.0
  0  0.0
  1  0.0
  2  0.0
  4  0.0
  7  0.0
  0  0.0
  4  0.0
  5  0.0
%CPU     %MEM    
 107  1.0
PSR %CPU
  7  5.3
  0  0.1
  4  0.1
  2 81.8
  6  1.9
  2  1.9
  3  1.9
  1  0.0
  5  0.0
  4  0.0
  0  0.0
%CPU     %MEM    
 107  1.0
PSR %CPU
  7  5.3
  0  0.1
  4  0.1
  2 82.0
  6  1.9
  2  1.9
  3  1.9
  1  0.0
  5  0.0
  4  0.0
  0  0.0
%CPU     %MEM    
 107  1.0
PSR %CPU
  7  5.2
  0  0.1
  4  0.1
  2 82.1
  6  1.9
  2  1.9
  3  1.9
  1  0.0
  5  0.0
  4  0.0
  0  0.0
%CPU     %MEM    
 106  1.0
PSR %CPU
  2  5.3
  1  0.1
  4  0.1
  3 81.8
  4  1.9
  6  1.9
  1  1.9
  0  0.0
  7  0.0
  5  0.0
  3  0.0
%CPU     %MEM    
 106  1.0
PSR %CPU
  3  5.4
  2  0.1
  5  0.1
  4 81.6
  1  1.9
  2  1.9
  0  1.9
  4  0.0
  6  0.0
  7  0.0
  5  0.0
%CPU     %MEM    
 107  1.0
PSR %CPU
  3  5.4
  2  0.1
  5  0.1
  4 81.7
  1  1.9
  2  1.9
  0  1.9
  4  0.0
  6  0.0
  7  0.0
  5  0.0
%CPU     %MEM    
 107  1.0
PSR %CPU
  6  5.4
  2  0.1
  5  0.1
  4 81.7
  0  1.9
  3  1.9
  1  1.9
%CPU     %MEM    
 107  1.0
PSR %CPU
  0  5.5
  7  0.1
  5  0.1
  4 81.6
  1  1.9
  4  2.0
  7  1.9
  3  0.0
  5  0.0
  2  0.0
  6  0.0
%CPU     %MEM    
 106  1.0
PSR %CPU
  0  5.5
  7  0.1
  5  0.1
  4 81.4
  1  1.9
  4  1.9
  7  1.9
  3  0.0
  5  0.0
  2  0.0
  6  0.0
%CPU     %MEM    
 106  1.0
PSR %CPU
  4  5.6
  6  0.1
  6  0.1
  5 81.4
  5  1.9
  2  2.0
  3  1.9
  1  0.0
  7  0.0
  6  0.0
  0  0.0
%CPU     %MEM    
 107  1.0
PSR %CPU
  4  5.6
  6  0.1
  6  0.1
  5 81.5
  5  1.9
  2  1.9
  3  1.9
  1  0.0
  7  0.0
  6  0.0
  0  0.0
%CPU     %MEM    
 107  1.0
PSR %CPU
  0  5.6
  6  0.1
  6  0.1
  5 81.4
  2  2.0
  3  2.0
  6  1.9
%CPU     %MEM    
 107  1.0
PSR %CPU
  5  5.7
  6  0.1
  6  0.1
  7 81.5
  0  2.0
  7  2.0
  6  2.0
  4  0.0
  2  0.0
  1  0.0
  3  0.0
%CPU     %MEM    
 107  1.0
PSR %CPU
  4  5.7
  0  0.1
  1  0.1
  7 81.4
  2  2.0
  3  2.0
  0  2.0
  5  0.0
  6  0.0
  7  0.0
  1  0.0
%CPU     %MEM    
 107  1.0
PSR %CPU
  4  5.7
  0  0.1
  1  0.1
  7 81.3
  2  1.9
  3  2.0
  0  1.9
  5  0.0
  6  0.0
  7  0.0
  1  0.0
%CPU     %MEM    
 107  1.0
PSR %CPU
  2  5.8
  3  0.1
  3  0.1
  7 81.1
  5  2.0
  3  2.0
  0  2.0
  6  0.0
  1  0.0
  4  0.0
  7  0.0
%CPU     %MEM    
 107  1.0
PSR %CPU
  2  5.8
  3  0.1
  3  0.1
  7 81.2
  5  2.0
  3  2.0
  0  2.0
%CPU     %MEM    
 107  1.0
PSR %CPU
  1  6.0
  6  0.1
  4  0.1
  7 80.9
  2  2.0
  4  2.0
  5  2.0
  7  0.0
  6  0.0
  0  0.0
  5  0.0
  1  0.0
  3  0.0
  4  0.0
  5  0.0
  5  0.0
  1  0.0
  5  0.0
%CPU     %MEM    
 107  1.0
PSR %CPU
  6  6.2
  7  0.1
  5  0.1
  1 80.5
  7  2.0
  0  2.0
  5  2.0
%CPU     %MEM    
 107  1.1
PSR %CPU
  5  6.3
  7  0.1
  1  0.1
  0 80.4
  7  2.1
  1  2.1
  4  2.1
  2  0.0
  3  0.0
  0  0.0
  6  0.0
%CPU     %MEM    
 107  1.0
PSR %CPU
  7  6.4
  1  0.1
  4  0.1
  0 79.9
  0  2.1
  1  2.1
  2  2.1
  4  0.0
  3  0.0
  5  0.0
  6  0.0
%CPU     %MEM    
 107  1.0
PSR %CPU
  7  6.4
  1  0.1
  4  0.1
  0 80.1
  0  2.1
  1  2.1
  2  2.1
  4  0.0
  3  0.0
  5  0.0
  6  0.0
%CPU     %MEM    
 107  1.1
PSR %CPU
  7  6.4
  2  0.1
  4  0.1
  0 80.0
  1  2.1
  0  2.1
  6  2.1
  3  0.0
  5  0.0
  2  0.0
  4  0.0
%CPU     %MEM    
 107  1.0
PSR %CPU
  5  6.5
  2  0.1
  5  0.1
  0 80.1
  6  2.1
  0  2.1
  1  2.1
  4  0.0
  2  0.0
  3  0.0
  7  0.0
%CPU     %MEM    
 107  1.0
PSR %CPU
  0  6.5
  4  0.1
  6  0.1
  1 80.1
  1  2.1
  4  2.1
  3  2.1
  2  0.0
  7  0.0
  5  0.0
  6  0.0
%CPU     %MEM    
 107  1.1
PSR %CPU
  4  6.5
  5  0.1
  6  0.1
  1 80.1
  7  2.1
  2  2.1
  6  2.1
  6  0.0
  3  0.0
  5  0.0
  1  0.0
%CPU     %MEM    
 107  1.0
PSR %CPU
  2  6.6
  5  0.1
  6  0.1
  1 79.8
  6  2.1
  5  2.1
  3  2.1
  0  0.0
  4  0.0
  7  0.0
  1  0.0
%CPU     %MEM    
 107  1.0
PSR %CPU
  7  6.7
  5  0.1
  0  0.1
  1 79.7
  0  2.1
  2  2.1
  3  2.1
  4  0.0
  5  0.0
  1  0.0
  6  0.0
%CPU     %MEM    
 107  1.1
PSR %CPU
  7  6.6
  5  0.1
  0  0.1
  1 79.8
  4  2.1
  0  2.1
  5  2.1
  6  0.0
  7  0.0
  2  0.0
  3  0.0
%CPU     %MEM    
 107  1.1
PSR %CPU
  6  6.8
  0  0.1
  2  0.1
  1 79.6
  1  2.1
  4  2.1
  0  2.1
  3  0.0
  7  0.0
  5  0.0
  2  0.0
%CPU     %MEM    
 107  1.1
PSR %CPU
  5  6.9
  0  0.1
  1  0.1
  1 79.6
  6  2.1
  0  2.1
  7  2.1
  4  0.0
  2  0.0
  3  0.0
  1  0.0
%CPU     %MEM    
 107  1.1
PSR %CPU
  5  6.8
  0  0.1
  2  0.1
  1 79.4
  6  2.1
  0  2.1
  7  2.1
  4  0.0
  2  0.0
  3  0.0
  1  0.0
%CPU     %MEM    
 107  1.1
PSR %CPU
  4  6.9
  2  0.1
  2  0.1
  1 79.4
  0  2.1
  3  2.1
  1  2.1
  6  0.0
  2  0.0
  7  0.0
  5  0.0
%CPU     %MEM    
 107  1.1
PSR %CPU
  4  6.9
  2  0.1
  2  0.1
  1 79.5
  0  2.1
  3  2.1
  1  2.1
  6  0.0
  2  0.0
  7  0.0
  5  0.0
%CPU     %MEM    
 107  1.1
PSR %CPU
  6  7.0
  5  0.1
  7  0.1
  1 79.2
  3  2.1
  2  2.1
  4  2.1
  7  0.0
  1  0.0
  2  0.0
  0  0.0
%CPU     %MEM    
 108  1.1
PSR %CPU
  5  7.2
  0  0.1
  1  0.1
  1 78.9
  3  2.2
  6  2.2
  0  2.1
  4  0.0
  2  0.0
  7  0.0
  1  0.0
  3  0.0
  6  0.0
  7  0.0
  0  0.0
  3  0.0
  1  0.0
  1  0.0
%CPU     %MEM    
 108  1.1
PSR %CPU
  0  7.3
  1  0.1
  2  0.1
  1 78.8
  5  2.2
  2  2.2
  7  2.2
%CPU     %MEM    
 107  1.1
PSR %CPU
  0  7.3
  4  0.1
  2  0.1
  1 78.7
  1  2.2
  2  2.2
  7  2.2
  3  0.0
  6  0.0
  4  0.0
  5  0.0
%CPU     %MEM    
 107  1.1
PSR %CPU
  0  7.2
  4  0.1
  2  0.1
  1 78.8
  1  2.1
  2  2.2
  7  2.1
  3  0.0
  6  0.0
  4  0.0
  5  0.0
%CPU     %MEM    
 107  1.1
PSR %CPU
  0  7.2
  4  0.1
  2  0.1
  1 78.9
  1  2.1
  2  2.2
  7  2.1
  6  0.0
  5  0.0
  4  0.0
  7  0.0
  1  0.0
  7  0.0
  0  0.0
  2  0.0
  4  0.0
  1  0.0
  2  0.0
%CPU     %MEM    
 108  1.1
PSR %CPU
  4  7.3
  2  0.1
  3  0.1
  1 78.9
  7  2.1
  6  2.2
  1  2.1
  3  0.0
  5  0.0
  0  0.0
  2  0.0
%CPU     %MEM    
 108  1.1
PSR %CPU
  4  7.2
  2  0.1
  4  0.1
  1 79.0
  7  2.1
  6  2.2
  1  2.1
  3  0.0
  5  0.0
  0  0.0
  2  0.0
%CPU     %MEM    
 108  1.1
PSR %CPU
  4  7.2
  3  0.1
  4  0.1
  1 79.2
  7  2.1
  6  2.2
  1  2.1
  3  0.0
  5  0.0
  0  0.0
  2  0.0
%CPU     %MEM    
 107  1.1
PSR %CPU
  4  7.2
  3  0.1
  4  0.1
  1 79.0
  7  2.1
  6  2.1
  1  2.1
  3  0.0
  5  0.0
  0  0.0
  2  0.0
%CPU     %MEM    
 107  1.1
PSR %CPU
  2  7.2
  3  0.1
  7  0.1
  1 79.0
  5  2.1
  4  2.1
  3  2.1
  7  0.0
  0  0.0
  6  0.0
  1  0.0
%CPU     %MEM    
 107  1.1
PSR %CPU
  2  7.2
  4  0.1
  7  0.1
  1 79.1
  5  2.1
  4  2.1
  3  2.1
  7  0.0
  0  0.0
  6  0.0
  1  0.0
%CPU     %MEM    
 107  1.1
PSR %CPU
  6  7.3
  4  0.1
  3  0.1
  1 79.1
  5  2.1
  2  2.1
  7  2.1
%CPU     %MEM    
 108  1.1
PSR %CPU
  5  7.3
  5  0.1
  3  0.1
  1 79.1
  7  2.1
  6  2.2
  4  2.1
  1  0.0
  0  0.0
  2  0.0
  3  0.0
%CPU     %MEM    
 108  1.1
PSR %CPU
  0  7.4
  7  0.1
  3  0.1
  1 78.7
  3  2.1
  2  2.2
  7  2.1
  5  0.0
  1  0.0
  6  0.0
  4  0.0
%CPU     %MEM    
 107  1.1
PSR %CPU
  0  7.4
  7  0.1
  3  0.1
  1 78.9
  3  2.1
  2  2.1
  7  2.1
  5  0.0
  1  0.0
  6  0.0
  4  0.0
