%CPU     %MEM    
 0.0  0.0
PSR %CPU
  0  0.0
  5  0.0
  7  0.0
  5  0.0
  2  0.0
  1  0.0
  7  0.0
%CPU     %MEM    
 133  0.2
PSR %CPU
  0  2.0
  5  0.0
  0  0.0
  7  115
  5  1.0
  1  2.0
  7  2.0
  2  0.0
  3  0.0
  6  0.0
  4  0.0
%CPU     %MEM    
83.3  0.4
PSR %CPU
  0  0.6
  5  0.0
  0  0.0
  7 77.6
  5  0.3
  1  0.6
  7  0.6
  2  0.0
  3  0.0
  6  0.0
  4  0.0
%CPU     %MEM    
91.7  0.6
PSR %CPU
  0  0.5
  5  0.0
  0  0.0
  7 87.5
  5  0.2
  1  0.5
  7  0.5
  2  0.0
  3  0.0
  6  0.0
  4  0.0
%CPU     %MEM    
97.0  0.7
PSR %CPU
  0  0.4
  6  0.0
  0  0.0
  7 93.6
  5  0.2
  1  0.4
  7  0.4
  2  0.0
  3  0.0
  6  0.0
  4  0.0
%CPU     %MEM    
 100  0.7
PSR %CPU
  0  0.3
  6  0.0
  0  0.0
  7 97.3
  5  0.1
  1  0.3
  7  0.3
  2  0.0
  3  0.0
  6  0.0
  4  0.0
%CPU     %MEM    
 107  0.7
PSR %CPU
  7  0.8
  2  0.0
  1  0.0
  7 95.4
  5  0.5
  6  0.7
  0  0.7
  3  0.0
  4  0.0
  2  0.0
  1  0.0
%CPU     %MEM    
96.6  0.7
PSR %CPU
  7  0.6
  2  0.0
  1  0.0
  7 87.2
  5  0.4
  6  0.5
  0  0.5
  3  0.0
  4  0.0
  2  0.0
  1  0.0
%CPU     %MEM    
98.8  0.7
PSR %CPU
  7  0.6
  2  0.0
  1  0.0
  7 90.3
  5  0.4
  6  0.5
  0  0.5
  3  0.0
  4  0.0
  2  0.0
  1  0.0
%CPU     %MEM    
 100  0.7
PSR %CPU
  7  0.5
  2  0.0
  1  0.0
  7 92.8
  5  0.3
  6  0.4
  0  0.4
  3  0.0
  4  0.0
  2  0.0
  1  0.0
%CPU     %MEM    
 101  0.7
PSR %CPU
  7  0.5
  2  0.0
  1  0.0
  7 94.8
  5  0.3
  6  0.4
  0  0.4
  3  0.0
  4  0.0
  2  0.0
  1  0.0
%CPU     %MEM    
 103  0.7
PSR %CPU
  7  0.4
  2  0.0
  1  0.0
  7 96.6
  5  0.3
  6  0.3
  0  0.3
  3  0.0
  4  0.0
  2  0.0
  1  0.0
%CPU     %MEM    
 104  0.7
PSR %CPU
  7  0.4
  2  0.0
  1  0.0
  7 98.0
  5  0.2
  6  0.3
  0  0.3
  3  0.0
  4  0.0
  2  0.0
  1  0.0
%CPU     %MEM    
98.4  0.7
PSR %CPU
  7  0.3
  4  0.0
  1  0.0
  7 93.1
  5  0.2
  6  0.3
  0  0.3
  3  0.0
  4  0.0
  2  0.0
  1  0.0
%CPU     %MEM    
99.5  0.7
PSR %CPU
  7  0.3
  4  0.0
  1  0.0
  7 94.5
  5  0.2
  6  0.2
  0  0.2
  3  0.0
  4  0.0
  2  0.0
  1  0.0
%CPU     %MEM    
 100  0.7
PSR %CPU
  7  0.3
  4  0.0
  2  0.0
  7 95.8
  5  0.2
  6  0.2
  0  0.2
  3  0.0
  4  0.0
  2  0.0
  1  0.0
%CPU     %MEM    
 101  0.7
PSR %CPU
  7  0.3
  4  0.0
  2  0.0
  7 97.0
  5  0.2
  6  0.2
  0  0.2
  3  0.0
  4  0.0
  2  0.0
  1  0.0
%CPU     %MEM    
 103  0.7
PSR %CPU
  5  0.4
  4  0.0
  2  0.0
  5 96.4
  3  0.3
  6  0.3
  0  0.3
  1  0.0
  4  0.0
  2  0.0
  7  0.0
%CPU     %MEM    
 103  0.7
PSR %CPU
  5  0.3
  4  0.0
  2  0.0
  5 97.4
  3  0.3
  6  0.3
  0  0.3
  1  0.0
  4  0.0
  2  0.0
  7  0.0
%CPU     %MEM    
 100  0.7
PSR %CPU
  5  0.3
  4  0.0
  2  0.0
  5 94.0
  3  0.3
  6  0.3
  0  0.3
  1  0.0
  4  0.0
  2  0.0
  7  0.0
%CPU     %MEM    
 101  0.7
PSR %CPU
  7  0.4
  6  0.0
  6  0.0
  7 93.5
  0  0.4
  2  0.3
  6  0.4
  4  0.0
  1  0.0
  5  0.0
  3  0.0
%CPU     %MEM    
 102  0.7
PSR %CPU
  1  0.4
  6  0.0
  6  0.0
  7 94.2
  1  0.4
  7  0.4
  6  0.4
  5  0.0
  2  0.0
  4  0.0
  3  0.0
  7  0.0
  4  0.0
  3  0.0
  6  0.0
  3  0.0
  7  0.0
  1  0.0
%CPU     %MEM    
 102  0.7
PSR %CPU
  6  0.5
  2  0.0
  3  0.0
  7 93.8
  4  0.4
  3  0.4
  0  0.5
  2  0.0
  5  0.0
  1  0.0
  7  0.0
%CPU     %MEM    
 104  0.7
PSR %CPU
  0  0.5
  4  0.0
  3  0.0
  0 93.4
  5  0.5
  6  0.5
  3  0.5
  1  0.0
  4  0.0
  7  0.0
  2  0.0
%CPU     %MEM    
 105  0.7
PSR %CPU
  5  0.6
  0  0.0
  3  0.0
  5 90.2
  4  0.6
  2  0.5
  3  0.6
  7  0.0
  1  0.0
  6  0.0
  0  0.0
%CPU     %MEM    
 101  0.7
PSR %CPU
  5  0.6
  0  0.0
  3  0.0
  5 91.1
  4  0.6
  2  0.5
  3  0.6
  7  0.0
  1  0.0
  6  0.0
  0  0.0
%CPU     %MEM    
 102  0.7
PSR %CPU
  0  0.6
  3  0.0
  5  0.0
  0 90.8
  1  0.6
  7  0.6
  4  0.6
  5  0.0
  6  0.0
  2  0.0
  3  0.0
%CPU     %MEM    
 103  0.7
PSR %CPU
  4  0.7
  1  0.0
  2  0.0
  3 90.2
  1  0.7
  6  0.7
  3  0.7
  0  0.0
  5  0.0
  2  0.0
  7  0.0
  3  0.0
  7  0.0
  6  0.0
  1  0.0
  3  0.0
  3  0.0
  0  0.0
%CPU     %MEM    
 104  0.7
PSR %CPU
  7  0.7
  6  0.0
  2  0.0
  7 90.6
  4  0.7
  1  0.7
  6  0.8
  2  0.0
  3  0.0
  5  0.0
  0  0.0
%CPU     %MEM    
 104  0.7
PSR %CPU
  0  0.8
  2  0.0
  3  0.0
  0 90.5
  7  0.8
  1  0.8
  2  0.8
  5  0.0
  4  0.0
  6  0.0
  3  0.0
%CPU     %MEM    
 102  0.7
PSR %CPU
  0  0.8
  2  0.0
  3  0.0
  0 88.7
  7  0.8
  1  0.8
  2  0.8
  5  0.0
  4  0.0
  6  0.0
  3  0.0
%CPU     %MEM    
 102  0.7
PSR %CPU
  5  0.8
  2  0.0
  0  0.0
  5 88.5
  6  0.8
  4  0.8
  7  0.8
  2  0.0
  0  0.0
  3  0.0
  1  0.0
%CPU     %MEM    
 103  0.7
PSR %CPU
  5  0.8
  2  0.0
  0  0.0
  5 89.3
  6  0.8
  4  0.8
  7  0.8
  2  0.0
  0  0.0
  3  0.0
  1  0.0
%CPU     %MEM    
 103  0.7
PSR %CPU
  3  0.8
  3  0.0
  0  0.0
  5 89.6
  7  0.8
  4  0.8
  6  0.8
%CPU     %MEM    
 104  0.7
PSR %CPU
  1  0.9
  6  0.0
  1  0.0
  5 89.3
  5  0.9
  3  0.9
  4  0.9
  7  0.0
  0  0.0
  2  0.0
  6  0.0
%CPU     %MEM    
 104  0.7
PSR %CPU
  2  1.0
  6  0.0
  1  0.0
  2 89.4
  0  1.0
  7  1.0
  1  1.0
  4  0.0
  6  0.0
  5  0.0
  3  0.0
%CPU     %MEM    
 102  0.7
PSR %CPU
  7  1.0
  6  0.0
  1  0.0
  7 87.5
  5  1.0
  6  1.0
  0  1.0
  4  0.0
  3  0.0
  1  0.0
  2  0.0
%CPU     %MEM    
 104  0.7
PSR %CPU
  0  1.2
  7  0.0
  1  0.0
  2 86.4
  7  1.2
  1  1.2
  3  1.2
  4  0.0
  6  0.0
  5  0.0
  2  0.0
%CPU     %MEM    
 104  0.7
PSR %CPU
  4  1.3
  0  0.0
  1  0.0
  6 86.6
  3  1.2
  5  1.2
  7  1.2
  6  0.0
  1  0.0
  0  0.0
  2  0.0
%CPU     %MEM    
 104  0.7
PSR %CPU
  4  1.3
  0  0.0
  1  0.0
  6 87.3
  3  1.2
  5  1.2
  7  1.2
  6  0.0
  1  0.0
  0  0.0
  2  0.0
%CPU     %MEM    
 105  0.7
PSR %CPU
  4  1.2
  0  0.0
  1  0.0
  6 87.9
  3  1.2
  5  1.2
  7  1.2
  6  0.0
  1  0.0
  0  0.0
  2  0.0
%CPU     %MEM    
 105  0.7
PSR %CPU
  4  1.3
  2  0.0
  2  0.0
  6 87.4
  6  1.3
  3  1.2
  1  1.3
  7  0.0
  2  0.0
  5  0.0
  0  0.0
  3  0.0
  1  0.0
  6  0.0
  7  0.0
  0  0.0
  0  0.0
  0  0.0
%CPU     %MEM    
 104  0.8
PSR %CPU
  1  1.4
  7  0.0
  5  0.0
  6 85.3
  7  1.3
  2  1.3
  4  1.3
  0  0.0
  3  0.0
  6  0.0
  5  0.0
%CPU     %MEM    
 104  0.8
PSR %CPU
  1  1.4
  7  0.0
  5  0.0
  6 85.9
  7  1.3
  2  1.2
  4  1.3
  0  0.0
  3  0.0
  6  0.0
  5  0.0
%CPU     %MEM    
 104  0.8
PSR %CPU
  1  1.4
  0  0.0
  5  0.0
  6 86.5
  7  1.2
  2  1.2
  4  1.3
  0  0.0
  3  0.0
  6  0.0
  5  0.0
%CPU     %MEM    
 104  0.8
PSR %CPU
  1  1.3
  0  0.0
  5  0.0
  6 87.1
  7  1.2
  2  1.2
  4  1.2
  0  0.0
  3  0.0
  6  0.0
  5  0.0
%CPU     %MEM    
 105  0.8
PSR %CPU
  1  1.3
  0  0.0
  5  0.0
  6 87.6
  7  1.2
  2  1.2
  4  1.2
  0  0.0
  3  0.0
  6  0.0
  5  0.0
%CPU     %MEM    
 103  0.8
PSR %CPU
  0  1.3
  2  0.0
  6  0.0
  0 86.0
  6  1.2
  3  1.2
  5  1.2
  1  0.0
  2  0.0
  7  0.0
  4  0.0
%CPU     %MEM    
 103  0.8
PSR %CPU
  0  1.4
  3  0.0
  6  0.0
  2 86.1
  5  1.2
  3  1.2
  6  1.2
  2  0.0
  4  0.0
  7  0.0
  1  0.0
%CPU     %MEM    
 104  0.8
PSR %CPU
  4  1.5
  1  0.0
  3  0.0
  2 86.2
  2  1.3
  7  1.3
  3  1.3
  5  0.0
  6  0.0
  0  0.0
  1  0.0
%CPU     %MEM    
 104  0.8
PSR %CPU
  4  1.4
  1  0.0
  3  0.0
  2 86.7
  2  1.3
  7  1.2
  3  1.3
  5  0.0
  6  0.0
  0  0.0
  1  0.0
%CPU     %MEM    
 105  0.8
PSR %CPU
  0  1.5
  1  0.0
  3  0.0
  2 86.9
  5  1.3
  6  1.3
  4  1.3
  1  0.0
  2  0.0
  3  0.0
  7  0.0
%CPU     %MEM    
 105  0.8
PSR %CPU
  4  1.5
  1  0.0
  3  0.0
  2 87.0
  1  1.3
  3  1.3
  0  1.3
  5  0.0
  6  0.0
  7  0.0
  2  0.0
%CPU     %MEM    
 103  0.8
PSR %CPU
  4  1.5
  1  0.0
  3  0.0
  2 86.1
  1  1.3
  3  1.3
  0  1.3
  5  0.0
  6  0.0
  7  0.0
  2  0.0
%CPU     %MEM    
 104  0.8
PSR %CPU
  4  1.5
  1  0.0
  3  0.0
  2 86.2
  1  1.3
  3  1.3
  2  1.3
  5  0.0
  6  0.0
  7  0.0
  0  0.0
%CPU     %MEM    
 104  0.8
PSR %CPU
  4  1.5
  1  0.0
  3  0.0
  2 86.7
  1  1.3
  3  1.3
  2  1.3
  5  0.0
  6  0.0
  7  0.0
  0  0.0
%CPU     %MEM    
 104  0.8
PSR %CPU
  1  1.5
  2  0.0
  3  0.0
  2 86.9
  2  1.3
  0  1.3
  7  1.3
%CPU     %MEM    
 105  0.8
PSR %CPU
  5  1.6
  3  0.0
  3  0.0
  2 86.7
  1  1.3
  0  1.3
  7  1.3
  6  0.0
  2  0.0
  4  0.0
  3  0.0
%CPU     %MEM    
 105  0.8
PSR %CPU
  3  1.7
  3  0.0
  3  0.0
  2 86.8
  1  1.4
  0  1.4
  6  1.4
  4  0.0
  5  0.0
  2  0.0
  7  0.0
%CPU     %MEM    
 104  0.8
PSR %CPU
  3  1.6
  3  0.0
  3  0.0
  2 86.0
  1  1.3
  0  1.3
  6  1.3
  4  0.0
  5  0.0
  2  0.0
  7  0.0
%CPU     %MEM    
 104  0.8
PSR %CPU
  5  1.7
  3  0.0
  3  0.0
  2 86.1
  0  1.3
  3  1.3
  2  1.3
  7  0.0
  1  0.0
  4  0.0
  6  0.0
%CPU     %MEM    
 104  0.8
PSR %CPU
  5  1.7
  3  0.0
  3  0.0
  2 86.5
  0  1.3
  3  1.3
  2  1.3
  7  0.0
  1  0.0
  4  0.0
  6  0.0
%CPU     %MEM    
 105  0.8
PSR %CPU
  1  1.7
  4  0.0
  4  0.0
  2 86.6
  7  1.3
  2  1.3
  0  1.3
  5  0.0
  6  0.0
  7  0.0
  4  0.0
%CPU     %MEM    
 105  0.8
PSR %CPU
  1  1.7
  4  0.0
  4  0.0
  2 87.0
  0  1.3
  2  1.4
  6  1.3
  3  0.0
  4  0.0
  7  0.0
  5  0.0
%CPU     %MEM    
 105  0.8
PSR %CPU
  4  1.7
  5  0.0
  0  0.0
  2 85.8
  1  1.3
  6  1.4
  0  1.3
  5  0.0
  7  0.0
  2  0.0
  3  0.0
%CPU     %MEM    
 104  0.8
PSR %CPU
  1  1.8
  5  0.0
  1  0.0
  2 85.6
  6  1.4
  4  1.4
  2  1.4
  7  0.0
  3  0.0
  5  0.0
  0  0.0
%CPU     %MEM    
 105  0.8
PSR %CPU
  1  1.8
  5  0.0
  1  0.0
  2 86.0
  6  1.3
  4  1.4
  2  1.4
  7  0.0
  3  0.0
  5  0.0
  0  0.0
%CPU     %MEM    
 105  0.8
PSR %CPU
  1  1.8
  5  0.0
  1  0.0
  2 86.4
  6  1.3
  4  1.3
  2  1.3
  7  0.0
  3  0.0
  5  0.0
  0  0.0
%CPU     %MEM    
 105  0.8
PSR %CPU
  1  1.7
  5  0.0
  1  0.0
  2 86.8
  6  1.3
  4  1.3
  2  1.3
  7  0.0
  3  0.0
  5  0.0
  0  0.0
%CPU     %MEM    
 105  0.8
PSR %CPU
  6  1.8
  3  0.0
  5  0.0
  2 86.9
  4  1.3
  5  1.3
  3  1.3
  1  0.0
  7  0.0
  0  0.0
  2  0.0
%CPU     %MEM    
 104  0.8
PSR %CPU
  6  1.7
  3  0.0
  5  0.0
  2 86.2
  4  1.3
  5  1.3
  3  1.3
  1  0.0
  7  0.0
  0  0.0
  2  0.0
%CPU     %MEM    
 104  0.8
PSR %CPU
  7  1.8
  3  0.0
  5  0.0
  2 86.3
  0  1.3
  2  1.3
  5  1.3
  4  0.0
  6  0.0
  1  0.0
  3  0.0
%CPU     %MEM    
 104  0.8
PSR %CPU
  7  1.8
  3  0.0
  5  0.0
  2 86.7
  0  1.3
  2  1.3
  5  1.3
  4  0.0
  6  0.0
  1  0.0
  3  0.0
%CPU     %MEM    
 105  0.8
PSR %CPU
  7  1.8
  3  0.0
  5  0.0
  2 86.9
  5  1.3
  4  1.3
  2  1.3
  1  0.0
  0  0.0
  6  0.0
  3  0.0
  4  0.0
  5  0.0
  0  0.0
  2  0.0
  3  0.0
  3  0.0
  3  0.0
%CPU     %MEM    
 105  0.8
PSR %CPU
  1  1.8
  3  0.0
  5  0.0
  2 87.1
  0  1.3
  7  1.3
  5  1.3
  4  0.0
  3  0.0
  2  0.0
  6  0.0
%CPU     %MEM    
 105  0.8
PSR %CPU
  1  1.8
  3  0.0
  7  0.0
  2 87.4
  0  1.3
  7  1.3
  5  1.3
  4  0.0
  3  0.0
  2  0.0
  6  0.0
%CPU     %MEM    
 104  0.8
PSR %CPU
  1  1.8
  3  0.0
  7  0.0
  2 86.8
  0  1.3
  7  1.3
  5  1.3
  4  0.0
  3  0.0
  2  0.0
  6  0.0
%CPU     %MEM    
 104  0.8
PSR %CPU
  7  1.8
  4  0.0
  7  0.0
  2 86.8
  1  1.3
  3  1.3
  2  1.3
  0  0.0
  5  0.0
  6  0.0
  4  0.0
%CPU     %MEM    
 104  0.8
PSR %CPU
  7  1.8
  4  0.0
  7  0.0
  2 87.1
  1  1.3
  3  1.3
  2  1.3
%CPU     %MEM    
 105  0.8
PSR %CPU
  0  1.9
  5  0.0
  1  0.0
  6 86.7
  2  1.3
  6  1.3
  4  1.3
  1  0.0
  5  0.0
  7  0.0
  3  0.0
%CPU     %MEM    
 105  0.8
PSR %CPU
  0  1.9
  7  0.0
  1  0.0
  6 87.1
  2  1.3
  6  1.3
  4  1.3
  1  0.0
  5  0.0
  7  0.0
  3  0.0
%CPU     %MEM    
 105  0.8
PSR %CPU
  0  1.9
  7  0.0
  1  0.0
  6 87.4
  2  1.3
  6  1.3
  4  1.3
  1  0.0
  5  0.0
  7  0.0
  3  0.0
%CPU     %MEM    
 104  0.8
PSR %CPU
  0  1.8
  7  0.0
  1  0.0
  6 86.8
  2  1.3
  6  1.3
  4  1.3
  1  0.0
  5  0.0
  7  0.0
  3  0.0
%CPU     %MEM    
 104  0.8
PSR %CPU
  7  1.9
  7  0.0
  1  0.0
  6 86.8
  6  1.3
  1  1.3
  3  1.3
  5  0.0
  4  0.0
  2  0.0
  0  0.0
%CPU     %MEM    
 104  0.8
PSR %CPU
  7  1.9
  7  0.0
  1  0.0
  6 87.1
  6  1.3
  1  1.3
  3  1.3
  5  0.0
  4  0.0
  2  0.0
  0  0.0
%CPU     %MEM    
 104  0.8
PSR %CPU
  7  1.9
  7  0.0
  1  0.0
  6 87.4
  6  1.3
  1  1.3
  3  1.3
  5  0.0
  4  0.0
  2  0.0
  0  0.0
%CPU     %MEM    
 105  0.8
PSR %CPU
  6  1.9
  0  0.0
  2  0.0
  7 87.4
  2  1.3
  0  1.3
  3  1.3
  7  0.0
  5  0.0
  1  0.0
  4  0.0
%CPU     %MEM    
 104  0.8
PSR %CPU
  5  1.9
  0  0.0
  5  0.0
  7 86.5
  4  1.3
  3  1.3
  2  1.3
  6  0.0
  7  0.0
  0  0.0
  1  0.0
%CPU     %MEM    
 104  0.8
PSR %CPU
  5  1.9
  0  0.0
  5  0.0
  7 86.8
  4  1.3
  3  1.3
  2  1.3
  6  0.0
  7  0.0
  0  0.0
  1  0.0
%CPU     %MEM    
 104  0.9
PSR %CPU
  5  2.0
  0  0.0
  7  0.0
  4 86.7
  1  1.3
  4  1.3
  7  1.3
  2  0.0
  3  0.0
  0  0.0
  6  0.0
%CPU     %MEM    
 104  0.9
PSR %CPU
  2  2.0
  0  0.0
  7  0.0
  4 86.6
  5  1.3
  7  1.3
  3  1.3
  4  0.0
  0  0.0
  6  0.0
  1  0.0
%CPU     %MEM    
 105  0.9
PSR %CPU
  6  2.1
  1  0.0
  7  0.0
  4 86.7
  5  1.4
  4  1.4
  1  1.4
  0  0.0
  2  0.0
  7  0.0
  3  0.0
%CPU     %MEM    
 105  0.9
PSR %CPU
  6  2.1
  1  0.0
  7  0.0
  4 86.9
  5  1.3
  4  1.3
  1  1.3
  0  0.0
  2  0.0
  7  0.0
  3  0.0
%CPU     %MEM    
 104  0.9
PSR %CPU
  7  2.1
  1  0.0
  0  0.0
  4 86.1
  3  1.3
  0  1.4
  5  1.4
  4  0.0
  2  0.0
  6  0.0
  1  0.0
%CPU     %MEM    
 104  0.9
PSR %CPU
  7  2.1
  2  0.0
  0  0.0
  4 86.4
  3  1.3
  0  1.3
  5  1.3
  4  0.0
  2  0.0
  6  0.0
  1  0.0
%CPU     %MEM    
 104  0.9
PSR %CPU
  0  2.2
  2  0.0
  1  0.0
  4 86.3
  3  1.3
  1  1.4
  2  1.4
  4  0.0
  5  0.0
  7  0.0
  6  0.0
%CPU     %MEM    
 104  0.9
PSR %CPU
  4  2.2
  2  0.0
  2  0.0
  4 86.5
  5  1.3
  2  1.3
  3  1.4
  1  0.0
  7  0.0
  0  0.0
  5  0.0
  3  0.0
  5  0.0
  5  0.0
  0  0.0
  2  0.0
  2  0.0
  2  0.0
%CPU     %MEM    
 104  0.9
PSR %CPU
  2  2.2
  3  0.0
  4  0.0
  4 86.3
  5  1.4
  7  1.4
  4  1.4
%CPU     %MEM    
 105  0.9
PSR %CPU
  0  2.3
  5  0.0
  5  0.0
  0 86.2
  2  1.4
  1  1.4
  3  1.4
  6  0.0
  5  0.0
  7  0.0
  4  0.0
%CPU     %MEM    
 104  0.9
PSR %CPU
  2  2.4
  6  0.0
  7  0.0
  2 85.4
  3  1.4
  1  1.4
  0  1.4
  5  0.0
  4  0.0
  6  0.0
  7  0.0
%CPU     %MEM    
 104  0.9
PSR %CPU
  2  2.3
  6  0.0
  7  0.0
  2 85.7
  3  1.4
  1  1.4
  0  1.4
  5  0.0
  4  0.0
  6  0.0
  7  0.0
%CPU     %MEM    
 104  0.9
PSR %CPU
  4  2.3
  6  0.0
  7  0.0
  2 85.9
  3  1.4
  5  1.4
  2  1.4
%CPU     %MEM    
 104  0.9
PSR %CPU
  7  2.4
  6  0.0
  0  0.0
  4 85.9
  5  1.4
  4  1.4
  2  1.4
  6  0.0
  3  0.0
  0  0.0
  1  0.0
%CPU     %MEM    
 104  0.9
PSR %CPU
  7  2.3
  6  0.0
  0  0.0
  4 86.2
  5  1.4
  4  1.4
  2  1.4
  6  0.0
  3  0.0
  0  0.0
  1  0.0
%CPU     %MEM    
 105  0.9
PSR %CPU
  0  2.4
  2  0.0
  2  0.0
  4 86.1
  1  1.4
  5  1.4
  2  1.4
  4  0.0
  3  0.0
  7  0.0
  6  0.0
%CPU     %MEM    
 104  0.9
PSR %CPU
  0  2.4
  2  0.0
  2  0.0
  4 85.7
  1  1.4
  5  1.4
  2  1.4
  4  0.0
  3  0.0
  7  0.0
  6  0.0
%CPU     %MEM    
 104  0.9
PSR %CPU
  5  2.4
  5  0.0
  6  0.0
  4 85.7
  7  1.4
  4  1.4
  6  1.4
  0  0.0
  2  0.0
  1  0.0
  3  0.0
%CPU     %MEM    
 104  0.9
PSR %CPU
  5  2.4
  5  0.0
  6  0.0
  4 85.9
  7  1.4
  4  1.4
  6  1.4
  0  0.0
  2  0.0
  1  0.0
  3  0.0
%CPU     %MEM    
 104  0.9
PSR %CPU
  3  2.4
  7  0.0
  7  0.0
  4 86.0
  1  1.4
  4  1.4
  6  1.4
  2  0.0
  7  0.0
  0  0.0
  1  0.0
  4  0.0
  1  0.0
  5  0.0
  5  0.0
  1  0.0
  6  0.0
  7  0.0
%CPU     %MEM    
 104  0.9
PSR %CPU
  1  2.4
  7  0.0
  7  0.0
  4 86.1
  3  1.4
  4  1.4
  6  1.4
  0  0.0
  7  0.0
  2  0.0
  5  0.0
%CPU     %MEM    
 104  0.9
PSR %CPU
  1  2.4
  7  0.0
  7  0.0
  4 85.7
  3  1.4
  4  1.4
  6  1.4
  0  0.0
  7  0.0
  2  0.0
  5  0.0
%CPU     %MEM    
 104  0.9
PSR %CPU
  1  2.4
  7  0.0
  7  0.0
  4 85.9
  3  1.3
  4  1.4
  6  1.4
  0  0.0
  7  0.0
  2  0.0
  5  0.0
%CPU     %MEM    
 104  0.9
PSR %CPU
  0  2.5
  1  0.0
  7  0.0
  6 85.6
  7  1.4
  6  1.4
  5  1.4
  3  0.0
  2  0.0
  4  0.0
  1  0.0
%CPU     %MEM    
 104  0.9
PSR %CPU
  0  2.5
  1  0.0
  0  0.0
  6 85.8
  7  1.4
  6  1.4
  5  1.4
  3  0.0
  2  0.0
  4  0.0
  1  0.0
%CPU     %MEM    
 104  0.9
PSR %CPU
  0  2.5
  1  0.0
  0  0.0
  6 86.1
  7  1.4
  6  1.4
  5  1.4
  3  0.0
  2  0.0
  4  0.0
  1  0.0
%CPU     %MEM    
 104  0.9
PSR %CPU
  2  2.5
  2  0.0
  4  0.0
  3 86.1
  7  1.4
  1  1.4
  0  1.4
  3  0.0
  4  0.0
  5  0.0
  6  0.0
%CPU     %MEM    
 104  0.9
PSR %CPU
  2  2.5
  2  0.0
  4  0.0
  3 85.7
  7  1.4
  1  1.4
  0  1.4
  3  0.0
  4  0.0
  5  0.0
  6  0.0
%CPU     %MEM    
 104  0.9
PSR %CPU
  2  2.5
  4  0.0
  4  0.0
  3 85.9
  7  1.4
  1  1.4
  0  1.4
  3  0.0
  4  0.0
  5  0.0
  6  0.0
%CPU     %MEM    
 104  0.9
PSR %CPU
  0  2.6
  5  0.0
  5  0.0
  3 85.4
  3  1.4
  2  1.4
  5  1.4
  1  0.0
  6  0.0
  7  0.0
  4  0.0
  7  0.0
  5  0.0
  2  0.0
  3  0.0
  4  0.0
  4  0.0
  4  0.0
%CPU     %MEM    
 104  0.9
PSR %CPU
  6  2.8
  7  0.0
  0  0.0
  3 84.9
  7  1.4
  3  1.5
  0  1.5
  1  0.0
  4  0.0
  2  0.0
  6  0.0
  2  0.0
  4  0.0
%CPU     %MEM    
 104  0.9
PSR %CPU
  2  2.8
  7  0.0
  0  0.0
  4 85.0
  0  1.4
  3  1.5
  5  1.5
  1  0.0
  6  0.0
  7  0.0
  4  0.0
%CPU     %MEM    
 104  0.9
PSR %CPU
  3  2.8
  7  0.0
  1  0.0
  4 85.0
  2  1.5
  1  1.5
  0  1.5
  5  0.0
  7  0.0
  4  0.0
  6  0.0
%CPU     %MEM    
 104  0.9
PSR %CPU
  3  2.8
  7  0.0
  1  0.0
  4 84.6
  2  1.4
  1  1.5
  0  1.5
  5  0.0
  7  0.0
  4  0.0
  6  0.0
%CPU     %MEM    
 104  0.9
PSR %CPU
  3  2.9
  0  0.0
  1  0.0
  4 84.6
  4  1.4
  6  1.5
  5  1.5
  0  0.0
  7  0.0
  2  0.0
  1  0.0
%CPU     %MEM    
 104  0.9
PSR %CPU
  3  2.9
  0  0.0
  2  0.0
  4 84.8
  4  1.4
  6  1.5
  7  1.5
  2  0.0
  0  0.0
  7  0.0
  5  0.0
  6  0.0
  3  0.0
  7  0.0
  4  0.0
  5  0.0
  6  0.0
  2  0.0
%CPU     %MEM    
 104  0.9
PSR %CPU
  3  2.9
  0  0.0
  5  0.0
  4 84.8
  2  1.4
  4  1.5
  5  1.5
  0  0.0
  7  0.0
  6  0.0
  1  0.0
%CPU     %MEM    
 104  0.9
PSR %CPU
  2  2.9
  0  0.0
  5  0.0
  4 84.7
  5  1.5
  4  1.5
  0  1.5
%CPU     %MEM    
 104  0.9
PSR %CPU
  2  2.9
  0  0.0
  5  0.0
  4 84.9
  5  1.4
  4  1.5
  3  1.5
  1  0.0
  6  0.0
  0  0.0
  7  0.0
%CPU     %MEM    
 104  0.9
PSR %CPU
  6  3.0
  0  0.0
  7  0.0
  4 84.3
  5  1.4
  0  1.5
  3  1.5
  7  0.0
  4  0.0
  2  0.0
  1  0.0
%CPU     %MEM    
 104  0.9
PSR %CPU
  6  3.0
  0  0.0
  7  0.0
  4 84.5
  5  1.4
  0  1.5
  3  1.5
  7  0.0
  4  0.0
  2  0.0
  1  0.0
%CPU     %MEM    
 104  0.9
PSR %CPU
  6  2.9
  0  0.0
  7  0.0
  4 84.8
  5  1.4
  0  1.5
  3  1.5
  7  0.0
  4  0.0
  2  0.0
  1  0.0
%CPU     %MEM    
 104  0.9
PSR %CPU
  6  2.9
  0  0.0
  7  0.0
  4 85.0
  5  1.4
  0  1.5
  3  1.4
  7  0.0
  4  0.0
  2  0.0
  1  0.0
%CPU     %MEM    
 104  0.9
PSR %CPU
  7  3.0
  0  0.0
  7  0.0
  4 84.9
  6  1.4
  4  1.5
  5  1.5
  0  0.0
  2  0.0
  3  0.0
  1  0.0
%CPU     %MEM    
 104  0.9
PSR %CPU
  7  2.9
  0  0.0
  7  0.0
  4 84.6
  6  1.4
  4  1.4
  5  1.4
  0  0.0
  2  0.0
  3  0.0
  1  0.0
%CPU     %MEM    
 104  0.9
PSR %CPU
  7  2.9
  0  0.0
  7  0.0
  4 84.8
  6  1.4
  4  1.4
  5  1.4
  0  0.0
  2  0.0
  3  0.0
  1  0.0
%CPU     %MEM    
 104  0.9
PSR %CPU
  7  2.9
  0  0.0
  7  0.0
  4 85.0
  6  1.4
  4  1.4
  5  1.4
  0  0.0
  2  0.0
  3  0.0
  1  0.0
%CPU     %MEM    
 104  0.9
PSR %CPU
  7  3.0
  0  0.0
  0  0.0
  4 85.0
  5  1.4
  6  1.4
  3  1.4
  0  0.0
  1  0.0
  2  0.0
  4  0.0
%CPU     %MEM    
 104  0.9
PSR %CPU
  7  2.9
  0  0.0
  0  0.0
  4 85.2
  5  1.4
  6  1.4
  3  1.4
  0  0.0
  1  0.0
  2  0.0
  4  0.0
%CPU     %MEM    
 104  0.9
PSR %CPU
  7  2.9
  0  0.0
  0  0.0
  4 85.4
  5  1.4
  6  1.4
  3  1.4
  0  0.0
  1  0.0
  2  0.0
  4  0.0
%CPU     %MEM    
 103  0.9
PSR %CPU
  7  2.9
  0  0.0
  0  0.0
  4 85.1
  5  1.4
  6  1.4
  3  1.4
  0  0.0
  1  0.0
  2  0.0
  4  0.0
%CPU     %MEM    
 104  0.9
PSR %CPU
  3  3.0
  5  0.0
  0  0.0
  4 84.8
  2  1.4
  1  1.4
  4  1.4
  5  0.0
  6  0.0
  7  0.0
  0  0.0
%CPU     %MEM    
 104  0.9
PSR %CPU
  3  3.0
  5  0.0
  3  0.0
  4 85.0
  2  1.4
  1  1.4
  4  1.4
  5  0.0
  6  0.0
  7  0.0
  0  0.0
%CPU     %MEM    
 104  0.9
PSR %CPU
  3  3.0
  5  0.0
  3  0.0
  4 85.2
  2  1.4
  1  1.4
  4  1.4
  5  0.0
  6  0.0
  7  0.0
  0  0.0
%CPU     %MEM    
 104  0.9
PSR %CPU
  3  3.0
  5  0.0
  3  0.0
  4 85.4
  2  1.4
  1  1.4
  4  1.4
  5  0.0
  6  0.0
  7  0.0
  0  0.0
%CPU     %MEM    
 104  0.9
PSR %CPU
  3  2.9
  5  0.0
  3  0.0
  4 85.6
  2  1.4
  1  1.4
  4  1.4
  5  0.0
  6  0.0
  7  0.0
  0  0.0
%CPU     %MEM    
 103  0.9
PSR %CPU
  2  3.0
  6  0.0
  5  0.0
  4 85.0
  1  1.4
  5  1.4
  7  1.4
  0  0.0
  3  0.0
  4  0.0
  6  0.0
%CPU     %MEM    
 104  0.9
PSR %CPU
  2  3.0
  6  0.0
  5  0.0
  4 85.2
  1  1.4
  5  1.4
  7  1.4
  0  0.0
  3  0.0
  4  0.0
  6  0.0
%CPU     %MEM    
 104  0.9
PSR %CPU
  0  3.0
  7  0.0
  5  0.0
  4 85.2
  1  1.4
  5  1.4
  7  1.4
  3  0.0
  6  0.0
  2  0.0
  4  0.0
%CPU     %MEM    
 104  0.9
PSR %CPU
  4  3.0
  7  0.0
  6  0.0
  4 85.3
  1  1.4
  2  1.4
  0  1.4
%CPU     %MEM    
 104  0.9
PSR %CPU
  7  3.0
  7  0.0
  6  0.0
  4 85.3
  5  1.4
  1  1.4
  6  1.4
  4  0.0
  0  0.0
  2  0.0
  3  0.0
%CPU     %MEM    
 104  0.9
PSR %CPU
  7  3.1
  0  0.0
  0  0.0
  4 85.3
  5  1.4
  1  1.4
  3  1.4
  4  0.0
  2  0.0
  0  0.0
  6  0.0
%CPU     %MEM    
 103  0.9
PSR %CPU
  7  3.1
  0  0.0
  0  0.0
  4 85.0
  5  1.4
  1  1.4
  3  1.4
  4  0.0
  2  0.0
  0  0.0
  6  0.0
%CPU     %MEM    
 104  0.9
PSR %CPU
  5  3.1
  1  0.0
  0  0.0
  4 85.0
  7  1.4
  2  1.4
  6  1.4
  3  0.0
  1  0.0
  0  0.0
  4  0.0
%CPU     %MEM    
 104  0.9
PSR %CPU
  5  3.1
  1  0.0
  0  0.0
  4 85.1
  7  1.4
  2  1.4
  4  1.4
  3  0.0
  6  0.0
  0  0.0
  1  0.0
  7  0.0
  4  0.0
  6  0.0
  0  0.0
  1  0.0
  5  0.0
  3  0.0
%CPU     %MEM    
 104  0.9
PSR %CPU
  5  3.2
  6  0.0
  1  0.0
  4 85.0
  1  1.4
  2  1.4
  0  1.4
%CPU     %MEM    
 104  0.9
PSR %CPU
  0  3.3
  6  0.0
  1  0.0
  4 84.8
  0  1.4
  2  1.5
  7  1.5
  5  0.0
  6  0.0
  3  0.0
  7  0.0
%CPU     %MEM    
 104  0.9
PSR %CPU
  3  3.5
  0  0.0
  4  0.0
  7 83.9
  7  1.5
  4  1.5
  5  1.5
  6  0.0
  7  0.0
  0  0.0
  1  0.0
%CPU     %MEM    
 104  0.9
PSR %CPU
  3  3.5
  0  0.0
  5  0.0
  4 83.8
  7  1.5
  6  1.5
  5  1.5
  4  0.0
  0  0.0
  2  0.0
  1  0.0
%CPU     %MEM    
 104  1.0
PSR %CPU
  3  3.6
  0  0.0
  5  0.0
  4 83.8
  2  1.5
  4  1.5
  1  1.5
  7  0.0
  6  0.0
  5  0.0
  0  0.0
%CPU     %MEM    
 104  1.0
PSR %CPU
  3  3.7
  0  0.0
  5  0.0
  4 83.6
  1  1.5
  4  1.5
  6  1.5
  2  0.0
  5  0.0
  0  0.0
  7  0.0
%CPU     %MEM    
 104  0.9
PSR %CPU
  0  3.8
  1  0.0
  5  0.0
  4 83.4
  4  1.5
  1  1.6
  3  1.6
  2  0.0
  5  0.0
  7  0.0
  6  0.0
%CPU     %MEM    
 104  0.9
PSR %CPU
  0  3.8
  1  0.0
  5  0.0
  4 83.6
  4  1.5
  1  1.6
  3  1.5
  2  0.0
  5  0.0
  7  0.0
  6  0.0
%CPU     %MEM    
 104  0.9
PSR %CPU
  0  3.7
  1  0.0
  5  0.0
  4 83.4
  4  1.5
  1  1.5
  3  1.5
  2  0.0
  5  0.0
  7  0.0
  6  0.0
%CPU     %MEM    
 104  1.0
PSR %CPU
  0  3.8
  1  0.0
  5  0.0
  4 83.3
  6  1.5
  1  1.5
  3  1.5
  7  0.0
  5  0.0
  2  0.0
  4  0.0
%CPU     %MEM    
 104  1.0
PSR %CPU
  3  3.8
  1  0.0
  6  0.0
  4 83.5
  6  1.5
  1  1.5
  3  1.5
  7  0.0
  5  0.0
  2  0.0
  4  0.0
%CPU     %MEM    
 104  1.0
PSR %CPU
  4  3.8
  1  0.0
  7  0.0
  5 83.4
  7  1.5
  5  1.6
  3  1.5
  6  0.0
  2  0.0
  1  0.0
  0  0.0
%CPU     %MEM    
 104  1.0
PSR %CPU
  1  3.9
  2  0.0
  7  0.0
  5 83.4
  3  1.5
  2  1.6
  0  1.6
%CPU     %MEM    
 104  1.0
PSR %CPU
  1  3.9
  3  0.0
  7  0.0
  5 83.6
  5  1.5
  0  1.6
  3  1.5
  7  0.0
  4  0.0
  2  0.0
  6  0.0
%CPU     %MEM    
 104  1.0
PSR %CPU
  1  3.8
  3  0.0
  7  0.0
  5 83.3
  5  1.5
  0  1.5
  3  1.5
  7  0.0
  4  0.0
  2  0.0
  6  0.0
%CPU     %MEM    
 104  1.0
PSR %CPU
  5  3.9
  3  0.0
  0  0.0
  7 83.3
  2  1.5
  0  1.6
  7  1.5
  6  0.0
  3  0.0
  4  0.0
  1  0.0
%CPU     %MEM    
 104  1.0
PSR %CPU
  5  3.9
  3  0.0
  0  0.0
  7 83.4
  2  1.5
  0  1.5
  7  1.5
  6  0.0
  3  0.0
  4  0.0
  1  0.0
%CPU     %MEM    
 104  1.0
PSR %CPU
  3  3.9
  5  0.0
  0  0.0
  7 83.5
  5  1.5
  5  1.5
  0  1.5
  4  0.0
  1  0.0
  6  0.0
  2  0.0
%CPU     %MEM    
 104  1.0
PSR %CPU
  3  4.1
  6  0.0
  0  0.0
  4 83.1
  5  1.5
  6  1.6
  7  1.6
  2  0.0
  4  0.0
  1  0.0
  0  0.0
%CPU     %MEM    
 104  1.0
PSR %CPU
  5  4.1
  6  0.0
  0  0.0
  4 82.7
  0  1.5
  1  1.6
  2  1.6
  6  0.0
  4  0.0
  3  0.0
  7  0.0
%CPU     %MEM    
 104  1.0
PSR %CPU
  5  4.1
  1  0.0
  3  0.0
  4 82.9
  0  1.5
  1  1.6
  2  1.6
  6  0.0
  4  0.0
  3  0.0
  7  0.0
%CPU     %MEM    
 104  1.0
PSR %CPU
  2  4.1
  3  0.0
  2  0.0
  4 82.8
  3  1.5
  7  1.6
  5  1.6
  0  0.0
  4  0.0
  1  0.0
  6  0.0
%CPU     %MEM    
 104  1.0
PSR %CPU
  5  4.2
  5  0.0
  1  0.0
  4 82.8
  6  1.6
  0  1.6
  7  1.6
  2  0.0
  3  0.0
  4  0.0
  1  0.0
%CPU     %MEM    
 104  1.0
PSR %CPU
  5  4.2
  5  0.0
  1  0.0
  4 82.9
  6  1.6
  0  1.6
  7  1.6
  2  0.0
  3  0.0
  4  0.0
  1  0.0
%CPU     %MEM    
 104  1.0
PSR %CPU
  2  4.2
  7  0.0
  1  0.0
  6 82.9
  5  1.6
  3  1.6
  6  1.6
  0  0.0
  7  0.0
  4  0.0
  1  0.0
%CPU     %MEM    
 104  1.0
PSR %CPU
  2  4.2
  7  0.0
  1  0.0
  6 82.7
  5  1.5
  3  1.6
  6  1.6
  0  0.0
  7  0.0
  4  0.0
  1  0.0
%CPU     %MEM    
 104  1.0
PSR %CPU
  2  4.2
  7  0.0
  1  0.0
  6 82.6
  3  1.6
  0  1.6
  5  1.6
  7  0.0
  1  0.0
  4  0.0
  6  0.0
%CPU     %MEM    
 104  1.0
PSR %CPU
  2  4.2
  7  0.0
  1  0.0
  6 82.8
  3  1.5
  0  1.6
  5  1.6
  7  0.0
  1  0.0
  4  0.0
  6  0.0
%CPU     %MEM    
 104  1.0
PSR %CPU
  2  4.2
  7  0.0
  1  0.0
  6 82.9
  3  1.5
  0  1.6
  5  1.6
  4  0.0
  5  0.0
  7  0.0
  6  0.0
  1  0.0
  0  0.0
  3  0.0
  5  0.0
  5  0.0
  6  0.0
  6  0.0
%CPU     %MEM    
 104  1.0
PSR %CPU
  3  4.3
  7  0.0
  2  0.0
  4 82.9
  2  1.6
  5  1.6
  4  1.6
  6  0.0
  0  0.0
  1  0.0
  7  0.0
%CPU     %MEM    
 104  1.0
PSR %CPU
  5  4.3
  0  0.0
  2  0.0
  4 82.8
  4  1.6
  7  1.6
  6  1.6
  2  0.0
  3  0.0
  1  0.0
  0  0.0
%CPU     %MEM    
 104  1.0
PSR %CPU
  5  4.3
  0  0.0
  2  0.0
  4 82.6
  4  1.5
  7  1.6
  6  1.6
  2  0.0
  3  0.0
  1  0.0
  0  0.0
%CPU     %MEM    
 104  1.0
PSR %CPU
  5  4.3
  0  0.0
  1  0.0
  4 82.6
  3  1.6
  6  1.6
  7  1.6
  1  0.0
  2  0.0
  0  0.0
  4  0.0
%CPU     %MEM    
 104  1.0
PSR %CPU
  5  4.3
  0  0.0
  1  0.0
  4 82.7
  3  1.5
  6  1.6
  7  1.6
  1  0.0
  2  0.0
  0  0.0
  4  0.0
%CPU     %MEM    
 104  1.0
PSR %CPU
  3  4.4
  1  0.0
  2  0.0
  4 82.6
  6  1.6
  4  1.6
  1  1.6
  5  0.0
  0  0.0
  7  0.0
  4  0.0
  4  0.0
  6  0.0
  7  0.0
  1  0.0
  6  0.0
  4  0.0
  1  0.0
%CPU     %MEM    
 104  1.0
PSR %CPU
  2  4.5
  1  0.0
  1  0.0
  4 82.5
  3  1.6
  5  1.6
  1  1.6
%CPU     %MEM    
 104  1.0
PSR %CPU
  6  4.6
  3  0.0
  2  0.0
  4 82.4
  1  1.6
  7  1.6
  4  1.6
  5  0.0
  0  0.0
  3  0.0
  2  0.0
%CPU     %MEM    
 104  1.0
PSR %CPU
  3  4.6
  5  0.0
  2  0.0
  4 82.0
  5  1.6
  0  1.6
  2  1.6
  7  0.0
  4  0.0
  6  0.0
  1  0.0
%CPU     %MEM    
 104  1.0
PSR %CPU
  7  4.7
  0  0.0
  3  0.0
  4 82.0
  6  1.6
  4  1.6
  5  1.6
  1  0.0
  3  0.0
  0  0.0
  2  0.0
%CPU     %MEM    
 104  1.0
PSR %CPU
  7  4.7
  0  0.0
  3  0.0
  4 82.1
  6  1.6
  4  1.6
  5  1.6
  1  0.0
  2  0.0
  0  0.0
  3  0.0
  4  0.0
  5  0.0
  6  0.0
  0  0.0
  3  0.0
  2  0.0
  2  0.0
%CPU     %MEM    
 104  1.0
PSR %CPU
  2  4.8
  1  0.0
  3  0.0
  4 82.0
  3  1.6
  1  1.6
  3  1.6
  5  0.0
  7  0.0
  0  0.0
  4  0.0
%CPU     %MEM    
 104  1.0
PSR %CPU
  2  4.9
  1  0.0
  4  0.0
  6 81.9
  4  1.6
  7  1.7
  1  1.6
  6  0.0
  5  0.0
  3  0.0
  0  0.0
%CPU     %MEM    
 104  1.0
PSR %CPU
  2  4.8
  3  0.0
  4  0.0
  6 81.7
  4  1.6
  7  1.6
  1  1.6
  6  0.0
  5  0.0
  3  0.0
  0  0.0
%CPU     %MEM    
 104  1.0
PSR %CPU
  2  4.8
  3  0.0
  4  0.0
  6 81.8
  4  1.6
  7  1.6
  1  1.6
  6  0.0
  5  0.0
  3  0.0
  0  0.0
%CPU     %MEM    
 104  1.0
PSR %CPU
  0  4.9
  3  0.0
  5  0.0
  6 81.8
  5  1.6
  3  1.6
  2  1.6
  7  0.0
  4  0.0
  1  0.0
  6  0.0
%CPU     %MEM    
 104  1.0
PSR %CPU
  0  4.8
  3  0.0
  7  0.0
  6 81.9
  5  1.6
  3  1.6
  2  1.6
  7  0.0
  4  0.0
  1  0.0
  6  0.0
%CPU     %MEM    
 104  1.0
PSR %CPU
  0  4.8
  3  0.0
  7  0.0
  6 82.1
  5  1.6
  3  1.6
  2  1.6
  7  0.0
  4  0.0
  1  0.0
  6  0.0
%CPU     %MEM    
 104  1.0
PSR %CPU
  4  4.9
  7  0.0
  7  0.0
  6 82.0
  5  1.6
  3  1.6
  0  1.6
  2  0.0
  6  0.0
  7  0.0
  1  0.0
%CPU     %MEM    
 104  1.0
PSR %CPU
  4  4.8
  7  0.0
  7  0.0
  6 81.8
  5  1.6
  3  1.6
  0  1.6
  2  0.0
  6  0.0
  7  0.0
  1  0.0
%CPU     %MEM    
 104  1.0
PSR %CPU
  4  4.8
  7  0.0
  7  0.0
  6 82.0
  5  1.6
  3  1.6
  0  1.6
  2  0.0
  6  0.0
  7  0.0
  1  0.0
%CPU     %MEM    
 104  1.0
PSR %CPU
  1  4.9
  7  0.0
  7  0.0
  6 82.0
  6  1.6
  5  1.6
  0  1.6
  2  0.0
  3  0.0
  4  0.0
  7  0.0
%CPU     %MEM    
 104  1.1
PSR %CPU
  7  5.0
  6  0.0
  3  0.0
  6 81.8
  1  1.6
  0  1.6
  4  1.6
%CPU     %MEM    
 104  1.0
PSR %CPU
  4  5.0
  7  0.0
  5  0.0
  6 81.9
  5  1.6
  6  1.6
  1  1.6
  3  0.0
  0  0.0
  7  0.0
  2  0.0
%CPU     %MEM    
 105  1.0
PSR %CPU
  4  5.1
  7  0.0
  5  0.0
  6 81.9
  5  1.6
  6  1.6
  3  1.6
  0  0.0
  1  0.0
  7  0.0
  2  0.0
%CPU     %MEM    
 104  1.0
PSR %CPU
  4  5.0
  7  0.0
  7  0.0
  6 81.7
  5  1.6
  6  1.6
  3  1.6
  0  0.0
  1  0.0
  7  0.0
  2  0.0
%CPU     %MEM    
 104  1.0
PSR %CPU
  4  5.1
  7  0.0
  1  0.0
  6 81.6
  3  1.6
  7  1.6
  6  1.6
  5  0.0
  1  0.0
  2  0.0
  0  0.0
%CPU     %MEM    
 104  1.0
PSR %CPU
  4  5.1
  1  0.0
  1  0.0
  6 81.6
  0  1.6
  2  1.7
  1  1.7
  7  0.0
  5  0.0
  6  0.0
  3  0.0
%CPU     %MEM    
 104  1.0
PSR %CPU
  4  5.2
  1  0.0
  2  0.0
  6 81.7
  6  1.6
  5  1.6
  3  1.7
  7  0.0
  1  0.0
  2  0.0
  0  0.0
  3  0.0
  5  0.0
  7  0.0
  0  0.0
  0  0.0
  3  0.0
  0  0.0
%CPU     %MEM    
 105  1.0
PSR %CPU
  3  5.3
  0  0.0
  2  0.0
  7 81.6
  4  1.7
  1  1.7
  5  1.7
%CPU     %MEM    
 105  1.1
PSR %CPU
  3  5.2
  0  0.0
  2  0.0
  7 81.4
  4  1.6
  2  1.7
  5  1.7
  7  0.0
  1  0.0
  6  0.0
  0  0.0
%CPU     %MEM    
 104  1.0
PSR %CPU
  4  5.3
  1  0.0
  2  0.0
  7 81.3
  7  1.6
  6  1.7
  0  1.7
  5  0.0
  1  0.0
  3  0.0
  2  0.0
%CPU     %MEM    
 104  1.0
PSR %CPU
  4  5.3
  1  0.0
  2  0.0
  7 81.5
  7  1.6
  6  1.6
  0  1.7
  5  0.0
  1  0.0
  3  0.0
  2  0.0
%CPU     %MEM    
 105  1.1
PSR %CPU
  0  5.4
  1  0.0
  3  0.0
  2 81.3
  1  1.7
  4  1.7
  7  1.7
  3  0.0
  2  0.0
  5  0.0
  6  0.0
%CPU     %MEM    
 105  1.1
PSR %CPU
  0  5.4
  1  0.0
  3  0.0
  2 81.3
  6  1.7
  4  1.7
  2  1.7
  4  0.0
  3  0.0
  5  0.0
  7  0.0
%CPU     %MEM    
 105  1.1
PSR %CPU
  7  5.6
  2  0.0
  4  0.0
  3 81.0
  1  1.7
  6  1.7
  0  1.7
  5  0.0
  4  0.0
  3  0.0
  6  0.0
  1  0.0
  0  0.0
  5  0.0
  6  0.0
  4  0.0
  1  0.0
  6  0.0
%CPU     %MEM    
 104  1.1
PSR %CPU
  7  5.7
  4  0.0
  4  0.0
  2 80.4
  3  1.7
  4  1.7
  2  1.7
  0  0.0
  5  0.0
  6  0.0
  1  0.0
%CPU     %MEM    
 105  1.1
PSR %CPU
  7  5.8
  4  0.0
  4  0.0
  2 80.3
  4  1.7
  1  1.7
  5  1.7
  2  0.0
%CPU     %MEM    
 105  1.1
PSR %CPU
  1  5.9
  5  0.0
  5  0.0
  2 80.2
  5  1.8
  3  1.7
  0  1.8
  2  0.0
  6  0.0
  4  0.0
  7  0.0
%CPU     %MEM    
 105  1.1
PSR %CPU
  2  5.9
  7  0.0
  6  0.0
  2 80.2
  5  1.8
  3  1.7
  0  1.8
  7  0.0
  4  0.0
  1  0.0
  6  0.0
%CPU     %MEM    
 105  1.1
PSR %CPU
  2  6.0
  7  0.0
  6  0.0
  3 80.3
  3  1.8
  6  1.7
  5  1.8
  7  0.0
  0  0.0
  1  0.0
  4  0.0
%CPU     %MEM    
 105  1.1
PSR %CPU
  2  5.9
  7  0.0
  6  0.0
  3 80.4
  3  1.8
  6  1.7
  5  1.8
  7  0.0
  0  0.0
  1  0.0
  4  0.0
%CPU     %MEM    
 105  1.1
PSR %CPU
  3  6.0
  7  0.0
  7  0.0
  4 80.1
  5  1.8
  4  1.7
  7  1.8
  1  0.0
  0  0.0
  2  0.0
  6  0.0
%CPU     %MEM    
 105  1.1
PSR %CPU
  7  6.0
  0  0.0
  0  0.0
  4 80.1
  6  1.8
  0  1.8
  2  1.8
  1  0.0
  4  0.0
  3  0.0
  5  0.0
%CPU     %MEM    
 105  1.1
PSR %CPU
  7  6.0
  0  0.0
  0  0.0
  4 80.2
  6  1.8
  0  1.7
  2  1.8
  1  0.0
  4  0.0
  3  0.0
  5  0.0
%CPU     %MEM    
 105  1.1
PSR %CPU
  0  6.1
  1  0.0
  1  0.0
  4 80.1
  6  1.8
  7  1.8
  5  1.8
%CPU     %MEM    
 105  1.1
PSR %CPU
  6  6.2
  1  0.0
  5  0.0
  4 80.0
  0  1.8
  5  1.8
  7  1.8
  3  0.0
  1  0.0
  4  0.0
  2  0.0
%CPU     %MEM    
 105  1.1
PSR %CPU
  0  6.3
  5  0.0
  4  0.0
  2 79.9
  3  1.8
  5  1.8
  6  1.8
  1  0.0
  4  0.0
  2  0.0
  7  0.0
%CPU     %MEM    
 105  1.1
PSR %CPU
  7  6.3
  1  0.0
  0  0.0
  2 79.6
  0  1.8
  3  1.8
  1  1.8
  4  0.0
  5  0.0
  2  0.0
  6  0.0
%CPU     %MEM    
 105  1.1
PSR %CPU
  7  6.3
  1  0.0
  0  0.0
  2 79.8
  0  1.8
  3  1.8
  1  1.8
  4  0.0
  5  0.0
  2  0.0
  6  0.0
%CPU     %MEM    
 105  1.1
PSR %CPU
  7  6.3
  1  0.0
  0  0.0
  2 79.9
  0  1.8
  1  1.8
  2  1.8
  4  0.0
  6  0.0
  3  0.0
  0  0.0
  1  0.0
  2  0.0
  6  0.0
  0  0.0
  5  0.0
  5  0.0
  0  0.0
%CPU     %MEM    
 105  1.1
PSR %CPU
  3  6.4
  3  0.0
  1  0.0
  2 79.8
  4  1.8
  5  1.8
  2  1.8
  1  0.0
  0  0.0
  6  0.0
  7  0.0
  1  0.0
  2  0.0
  4  0.0
  5  0.0
  7  0.0
  7  0.0
  7  0.0
%CPU     %MEM    
 105  1.2
PSR %CPU
  4  6.6
  1  0.0
  1  0.0
  3 79.5
  1  1.8
  2  1.8
  0  1.8
  5  0.0
  6  0.0
  0  0.0
  1  0.0
  2  0.0
  3  0.0
  1  0.0
  2  0.0
  3  0.0
  1  0.0
  2  0.0
%CPU     %MEM    
 105  1.1
PSR %CPU
  2  6.7
  4  0.0
  0  0.0
  3 79.0
  7  1.8
  1  1.8
  4  1.8
  5  0.0
  3  0.0
  0  0.0
  6  0.0
%CPU     %MEM    
 105  1.1
PSR %CPU
  2  6.7
  4  0.0
  0  0.0
  3 79.1
  7  1.8
  1  1.8
  4  1.8
  5  0.0
  3  0.0
  0  0.0
  6  0.0
%CPU     %MEM    
 105  1.1
PSR %CPU
  2  6.7
  4  0.0
  4  0.0
  3 79.0
  3  1.8
  1  1.8
  7  1.9
  4  0.0
  5  0.0
  0  0.0
  6  0.0
%CPU     %MEM    
 105  1.1
PSR %CPU
  2  6.7
  4  0.0
  4  0.0
  3 79.2
  3  1.8
  1  1.8
  7  1.8
  4  0.0
  5  0.0
  0  0.0
  6  0.0
%CPU     %MEM    
 105  1.1
PSR %CPU
  2  6.7
  5  0.0
  5  0.0
  3 79.3
  3  1.8
  1  1.8
  7  1.8
  4  0.0
  5  0.0
  0  0.0
  6  0.0
%CPU     %MEM    
 105  1.1
PSR %CPU
  3  6.8
  5  0.0
  5  0.0
  4 79.3
  6  1.8
  2  1.8
  5  1.9
  0  0.0
  1  0.0
  7  0.0
  4  0.0
%CPU     %MEM    
 105  1.1
PSR %CPU
  3  6.7
  5  0.0
  5  0.0
  4 79.1
  6  1.8
  2  1.8
  5  1.8
  0  0.0
  1  0.0
  7  0.0
  4  0.0
%CPU     %MEM    
 105  1.1
PSR %CPU
  3  6.7
  5  0.0
  5  0.0
  4 79.3
  6  1.8
  2  1.8
  5  1.8
  0  0.0
  1  0.0
  7  0.0
  4  0.0
%CPU     %MEM    
 105  1.1
PSR %CPU
  3  6.7
  5  0.0
  5  0.0
  4 79.4
  6  1.8
  2  1.8
  5  1.8
  0  0.0
  1  0.0
  7  0.0
  4  0.0
%CPU     %MEM    
 105  1.1
PSR %CPU
  3  6.6
  5  0.0
  5  0.0
  4 79.5
  6  1.8
  2  1.8
  5  1.8
  0  0.0
  1  0.0
  7  0.0
  4  0.0
%CPU     %MEM    
 105  1.1
PSR %CPU
  4  6.7
  6  0.0
  6  0.0
  4 79.5
  7  1.8
  2  1.8
  5  1.8
  3  0.0
  6  0.0
  1  0.0
  0  0.0
  0  0.0
  6  0.0
  1  0.0
  5  0.0
  1  0.0
  2  0.0
  1  0.0
%CPU     %MEM    
 105  1.1
PSR %CPU
  5  6.8
  7  0.0
  1  0.0
  4 79.5
  7  1.8
  6  1.8
  1  1.8
  2  0.0
  4  0.0
  0  0.0
  3  0.0
%CPU     %MEM    
 105  1.1
PSR %CPU
  2  6.8
  7  0.0
  2  0.0
  4 79.2
  5  1.8
  4  1.8
  6  1.8
  1  0.0
  3  0.0
  7  0.0
  0  0.0
%CPU     %MEM    
 105  1.1
PSR %CPU
  2  6.8
  7  0.0
  2  0.0
  4 79.3
  5  1.8
  4  1.8
  6  1.8
  1  0.0
  3  0.0
  7  0.0
  0  0.0
%CPU     %MEM    
 105  1.1
PSR %CPU
  2  6.9
  0  0.0
  3  0.0
  4  1.8
  0  1.8
  3  1.8
