%CPU     %MEM    
 0.0  0.0
PSR %CPU
  6  0.0
  5  0.0
  0  0.0
  3  0.0
  3  0.0
  0  0.0
  1  0.0
  5  0.0
  2  0.0
  4  0.0
  3  0.0
%CPU     %MEM    
 133  0.2
PSR %CPU
  0  4.0
  6  0.0
  0  0.0
  5  113
  7  2.0
  6  2.0
  1  2.0
  2  0.0
  2  0.0
  4  0.0
  3  0.0
%CPU     %MEM    
 125  0.4
PSR %CPU
  0  2.0
  7  0.0
  0  0.0
  5  114
  7  1.0
  6  1.0
  1  1.0
  2  0.0
  2  0.0
  4  0.0
  3  0.0
%CPU     %MEM    
 122  0.6
PSR %CPU
  0  1.3
  7  0.0
  0  0.0
  5  115
  7  0.6
  6  0.6
  1  0.6
  2  0.0
  2  0.0
  4  0.0
  3  0.0
%CPU     %MEM    
97.0  0.8
PSR %CPU
  0  0.8
  7  0.0
  0  0.0
  5 93.0
  7  0.4
  6  0.4
  1  0.4
  2  0.0
  2  0.0
  4  0.0
  3  0.0
%CPU     %MEM    
 100  1.0
PSR %CPU
  0  0.6
  7  0.0
  0  0.0
  5 97.0
  7  0.3
  6  0.3
  1  0.3
  2  0.0
  2  0.0
  4  0.0
  3  0.0
%CPU     %MEM    
 102  1.2
PSR %CPU
  0  0.5
  7  0.0
  0  0.0
  5 99.8
  7  0.2
  6  0.2
  1  0.2
  2  0.0
  2  0.0
  4  0.0
  3  0.0
%CPU     %MEM    
 104  1.4
PSR %CPU
  0  0.5
  7  0.0
  0  0.0
  5  102
  7  0.2
  6  0.2
  1  0.2
  2  0.0
  2  0.0
  4  0.0
  3  0.0
%CPU     %MEM    
 106  1.6
PSR %CPU
  0  0.4
  7  0.0
  0  0.0
  5  103
  7  0.2
  6  0.2
  1  0.2
  2  0.0
  2  0.0
  4  0.0
  3  0.0
%CPU     %MEM    
 107  1.8
PSR %CPU
  0  0.4
  7  0.0
  0  0.0
  5  105
  7  0.2
  6  0.2
  1  0.2
  2  0.0
  2  0.0
  4  0.0
  3  0.0
%CPU     %MEM    
99.0  1.8
PSR %CPU
  0  0.3
  7  0.0
  0  0.0
  5 97.4
  7  0.1
  6  0.1
  1  0.1
  2  0.0
  2  0.0
  4  0.0
  3  0.0
%CPU     %MEM    
 100  1.8
PSR %CPU
  0  0.3
  7  0.0
  0  0.0
  5 98.9
  7  0.1
  6  0.1
  1  0.1
  2  0.0
  2  0.0
  4  0.0
  3  0.0
%CPU     %MEM    
 101  1.8
PSR %CPU
  0  0.2
  7  0.0
  2  0.0
  5  100
  7  0.1
  6  0.1
  1  0.1
  2  0.0
  2  0.0
  4  0.0
  3  0.0
%CPU     %MEM    
 102  1.8
PSR %CPU
  0  0.2
  7  0.0
  2  0.0
  5  101
  7  0.1
  6  0.1
  1  0.1
  2  0.0
  2  0.0
  4  0.0
  3  0.0
%CPU     %MEM    
 103  1.8
PSR %CPU
  0  0.2
  7  0.0
  2  0.0
  5  102
  7  0.1
  6  0.1
  1  0.1
  2  0.0
  2  0.0
  4  0.0
  3  0.0
%CPU     %MEM    
98.6  1.8
PSR %CPU
  0  0.2
  7  0.0
  2  0.0
  5 97.5
  7  0.1
  6  0.1
  1  0.1
  2  0.0
  2  0.0
  4  0.0
  3  0.0
%CPU     %MEM    
99.6  1.8
PSR %CPU
  0  0.2
  7  0.0
  2  0.0
  5 98.5
  7  0.1
  6  0.1
  1  0.1
  2  0.0
  2  0.0
  4  0.0
  3  0.0
%CPU     %MEM    
 101  1.8
PSR %CPU
  3  0.3
  7  0.0
  4  0.0
  3 97.0
  1  0.2
  7  0.2
  4  0.2
  5  0.0
  2  0.0
  6  0.0
  0  0.0
%CPU     %MEM    
 102  1.8
PSR %CPU
  3  0.2
  7  0.0
  4  0.0
  3 97.9
  1  0.2
  7  0.2
  4  0.2
  5  0.0
  2  0.0
  6  0.0
  0  0.0
%CPU     %MEM    
 103  1.8
PSR %CPU
  3  0.2
  7  0.0
  4  0.0
  3 98.8
  1  0.2
  7  0.2
  4  0.2
  5  0.0
  2  0.0
  6  0.0
  0  0.0
%CPU     %MEM    
 104  1.8
PSR %CPU
  6  0.3
  0  0.0
  6  0.0
  3 97.7
  1  0.3
  4  0.3
  3  0.3
  0  0.0
  7  0.0
  2  0.0
  5  0.0
%CPU     %MEM    
 101  1.8
PSR %CPU
  7  0.3
  0  0.0
  6  0.0
  3 94.6
  1  0.3
  4  0.3
  3  0.3
%CPU     %MEM    
 103  1.8
PSR %CPU
  6  0.5
  1  0.0
  0  0.0
  6 91.9
  1  0.5
  0  0.5
  3  0.5
  7  0.0
  2  0.0
  4  0.0
  5  0.0
%CPU     %MEM    
 104  1.8
PSR %CPU
  1  0.5
  1  0.0
  0  0.0
  6 91.5
  3  0.5
  4  0.5
  2  0.5
  7  0.0
  6  0.0
  5  0.0
  0  0.0
  4  0.0
  0  0.0
  1  0.0
  2  0.0
  3  0.0
  4  0.0
  5  0.0
%CPU     %MEM    
 105  1.8
PSR %CPU
  1  0.6
  1  0.0
  0  0.0
  3 92.1
  6  0.6
  4  0.6
  3  0.6
  0  0.0
  2  0.0
  5  0.0
  7  0.0
%CPU     %MEM    
 106  1.8
PSR %CPU
  2  0.7
  1  0.0
  0  0.0
  3 91.5
  7  0.6
  0  0.7
  6  0.7
  4  0.0
  1  0.0
  3  0.0
  5  0.0
%CPU     %MEM    
 106  1.8
PSR %CPU
  2  0.7
  1  0.0
  0  0.0
  3 92.3
  7  0.6
  0  0.7
  6  0.7
  4  0.0
  1  0.0
  3  0.0
  5  0.0
%CPU     %MEM    
 104  1.8
PSR %CPU
  5  0.8
  4  0.0
  1  0.0
  3 87.3
  0  0.8
  7  0.9
  1  0.8
  6  0.0
  3  0.0
  2  0.0
  4  0.0
%CPU     %MEM    
 104  1.8
PSR %CPU
  4  0.8
  4  0.0
  2  0.0
  3 87.6
  2  0.8
  0  0.9
  5  0.8
%CPU     %MEM    
 105  1.8
PSR %CPU
  1  0.9
  1  0.0
  2  0.0
  4 86.5
  4  1.0
  7  1.0
  6  1.0
%CPU     %MEM    
 105  1.8
PSR %CPU
  1  0.9
  2  0.0
  2  0.0
  1 87.3
  7  0.9
  0  1.0
  6  1.0
  5  0.0
  2  0.0
  3  0.0
  4  0.0
%CPU     %MEM    
 106  1.8
PSR %CPU
  1  0.9
  2  0.0
  2  0.0
  1 88.1
  7  0.9
  0  0.9
  6  0.9
  5  0.0
  2  0.0
  3  0.0
  4  0.0
%CPU     %MEM    
 106  1.8
PSR %CPU
  1  0.8
  2  0.0
  2  0.0
  1 89.0
  7  0.9
  0  0.9
  6  0.9
  5  0.0
  2  0.0
  3  0.0
  4  0.0
%CPU     %MEM    
 104  1.9
PSR %CPU
  3  0.9
  3  0.0
  2  0.0
  6 86.0
  4  0.9
  1  1.0
  6  0.9
  5  0.0
  0  0.0
  7  0.0
  2  0.0
  7  0.0
  0  0.0
  1  0.0
  3  0.0
  6  0.0
  0  0.0
  4  0.0
%CPU     %MEM    
 105  1.9
PSR %CPU
  3  1.0
  3  0.0
  2  0.0
  6 85.2
  2  1.1
  0  1.1
  4  1.1
  7  0.0
  6  0.0
  0  0.0
  3  0.0
%CPU     %MEM    
 105  1.9
PSR %CPU
  7  1.1
  5  0.0
  5  0.0
  3 84.8
  0  1.1
  6  1.2
  1  1.2
  3  0.0
  2  0.0
  4  0.0
  5  0.0
%CPU     %MEM    
 106  1.9
PSR %CPU
  7  1.1
  5  0.0
  5  0.0
  3 85.5
  0  1.1
  6  1.1
  1  1.1
  3  0.0
  2  0.0
  4  0.0
  5  0.0
%CPU     %MEM    
 106  1.9
PSR %CPU
  7  1.2
  7  0.0
  1  0.0
  3 84.4
  4  1.2
  2  1.2
  7  1.2
  3  0.0
  1  0.0
  6  0.0
  7  0.0
  4  0.0
  5  0.0
  2  0.0
  7  0.0
  1  0.0
  1  0.0
  1  0.0
%CPU     %MEM    
 104  1.9
PSR %CPU
  4  1.4
  7  0.0
  3  0.0
  3 80.8
  3  1.4
  1  1.4
  2  1.4
  7  0.0
  5  0.0
  0  0.0
  6  0.0
  4  0.0
  1  0.0
  3  0.0
  0  0.0
  1  0.0
  6  0.0
  2 12.0
%CPU     %MEM    
 105  1.9
PSR %CPU
  7  1.5
  7  0.0
  3  0.0
  0 80.9
  4  1.4
  2  1.4
  1  1.4
  6  0.0
  3  0.0
  0  0.0
  5  0.0
%CPU     %MEM    
 105  1.9
PSR %CPU
  7  1.4
  7  0.0
  3  0.0
  0 81.7
  4  1.4
  2  1.4
  1  1.4
  6  0.0
  3  0.0
  0  0.0
  5  0.0
%CPU     %MEM    
 106  1.9
PSR %CPU
  3  1.5
  1  0.0
  7  0.0
  1 81.5
  0  1.5
  1  1.5
  6  1.4
  4  0.0
  7  0.0
  5  0.0
  2  0.0
  7  0.0
  2  0.0
  0  0.0
  3  0.0
  1  0.0
  2  0.0
  6  0.0
%CPU     %MEM    
 106  1.9
PSR %CPU
  7  1.6
  1  0.0
  1  0.0
  3 80.3
  2  1.6
  5  1.6
  1  1.5
  3  0.0
  4  0.0
  6  0.0
  0  0.0
%CPU     %MEM    
 107  1.9
PSR %CPU
  7  1.6
  1  0.0
  1  0.0
  3 81.1
  2  1.5
  5  1.5
  1  1.5
  3  0.0
  4  0.0
  6  0.0
  0  0.0
%CPU     %MEM    
 105  1.9
PSR %CPU
  7  1.5
  1  0.0
  2  0.0
  3 80.2
  2  1.5
  5  1.5
  1  1.5
  3  0.0
  4  0.0
  6  0.0
  0  0.0
%CPU     %MEM    
 105  1.9
PSR %CPU
  7  1.5
  1  0.0
  2  0.0
  3 80.9
  2  1.4
  5  1.4
  1  1.4
  3  0.0
  4  0.0
  6  0.0
  0  0.0
%CPU     %MEM    
 105  1.9
PSR %CPU
  7  1.5
  1  0.0
  2  0.0
  3 81.6
  2  1.4
  5  1.4
  1  1.4
  3  0.0
  4  0.0
  6  0.0
  0  0.0
%CPU     %MEM    
 105  1.9
PSR %CPU
  7  1.5
  1  0.0
  2  0.0
  3 82.2
  2  1.4
  5  1.4
  1  1.4
  3  0.0
  4  0.0
  6  0.0
  0  0.0
%CPU     %MEM    
 106  1.9
PSR %CPU
  6  1.5
  1  0.0
  2  0.0
  5 82.1
  0  1.4
  3  1.4
  5  1.4
  2  0.0
  1  0.0
  7  0.0
  4  0.0
%CPU     %MEM    
 106  1.9
PSR %CPU
  3  1.6
  1  0.0
  4  0.0
  3 82.0
  5  1.5
  4  1.5
  2  1.4
  7  0.0
  6  0.0
  0  0.0
  1  0.0
%CPU     %MEM    
 105  1.9
PSR %CPU
  7  1.6
  1  0.0
  4  0.0
  3 80.5
  4  1.5
  1  1.5
  2  1.5
  6  0.0
  3  0.0
  0  0.0
  5  0.0
%CPU     %MEM    
 105  1.9
PSR %CPU
  0  1.6
  1  0.0
  4  0.0
  3 80.7
  7  1.5
  1  1.5
  2  1.5
  3  0.0
  4  0.0
  5  0.0
  6  0.0
  2  0.0
  6  0.0
  7  0.0
  0  0.0
  1  0.0
  6  0.0
  4  0.0
%CPU     %MEM    
 105  1.9
PSR %CPU
  1  1.6
  3  0.0
  5  0.0
  1 81.0
  4  1.5
  5  1.5
  7  1.5
  0  0.0
  3  0.0
  6  0.0
  2  0.0
%CPU     %MEM    
 106  1.9
PSR %CPU
  4  1.7
  3  0.0
  6  0.0
  5 80.9
  6  1.5
  3  1.5
  5  1.5
  4  0.0
  1  0.0
  2  0.0
  0  0.0
%CPU     %MEM    
 106  1.9
PSR %CPU
  4  1.7
  3  0.0
  7  0.0
  5 81.5
  6  1.5
  3  1.5
  5  1.5
  4  0.0
  1  0.0
  2  0.0
  0  0.0
%CPU     %MEM    
 106  1.9
PSR %CPU
  4  1.6
  3  0.0
  7  0.0
  5 82.0
  6  1.5
  3  1.5
  5  1.5
  4  0.0
  1  0.0
  2  0.0
  0  0.0
%CPU     %MEM    
 105  1.9
PSR %CPU
  1  1.7
  3  0.0
  7  0.0
  0 80.5
  7  1.5
  2  1.5
  0  1.5
  6  0.0
  3  0.0
  5  0.0
  4  0.0
  2  0.0
  4  0.0
  5  0.0
  7  0.0
  0  0.0
  4  0.0
  0  0.0
%CPU     %MEM    
 105  1.9
PSR %CPU
  4  1.7
  3  0.0
  2  0.0
  0 80.6
  5  1.5
  6  1.5
  3  1.5
  7  0.0
  0  0.0
  2  0.0
  1  0.0
%CPU     %MEM    
 105  1.9
PSR %CPU
  4  1.8
  3  0.0
  4  0.0
  0 80.5
  6  1.6
  7  1.6
  3  1.6
  1  0.0
  0  0.0
  2  0.0
  5  0.0
%CPU     %MEM    
 106  1.9
PSR %CPU
  4  1.8
  5  0.0
  4  0.0
  0 81.0
  6  1.5
  7  1.6
  3  1.5
  1  0.0
  0  0.0
  2  0.0
  5  0.0
%CPU     %MEM    
 106  1.9
PSR %CPU
  5  1.8
  6  0.0
  1  0.0
  0 81.1
  0  1.6
  1  1.6
  6  1.6
  4  0.0
  3  0.0
  7  0.0
  2  0.0
%CPU     %MEM    
 105  1.9
PSR %CPU
  2  1.8
  7  0.0
  3  0.0
  0 80.0
  4  1.6
  3  1.6
  5  1.6
  0  0.0
  6  0.0
  7  0.0
  1  0.0
%CPU     %MEM    
 105  1.9
PSR %CPU
  3  1.9
  7  0.0
  6  0.0
  0 80.3
  4  1.6
  7  1.6
  5  1.6
%CPU     %MEM    
 105  1.9
PSR %CPU
  2  1.9
  2  0.0
  4  0.0
  3 80.5
  4  1.6
  1  1.6
  0  1.6
  5  0.0
  7  0.0
  6  0.0
  3  0.0
%CPU     %MEM    
 106  1.9
PSR %CPU
  2  1.9
  0  0.0
  4  0.0
  3 80.3
  4  1.6
  5  1.6
  1  1.6
%CPU     %MEM    
 106  1.9
PSR %CPU
  3  2.0
  1  0.0
  5  0.0
  4 80.5
  0  1.6
  4  1.6
  6  1.6
  7  0.0
  5  0.0
  2  0.0
  1  0.0
%CPU     %MEM    
 106  1.9
PSR %CPU
  3  1.9
  1  0.0
  5  0.0
  4 80.9
  0  1.6
  4  1.6
  6  1.6
  7  0.0
  5  0.0
  2  0.0
  1  0.0
%CPU     %MEM    
 105  1.9
PSR %CPU
  3  1.9
  1  0.0
  5  0.0
  4 80.4
  0  1.5
  4  1.5
  6  1.5
%CPU     %MEM    
 105  1.9
PSR %CPU
  7  1.9
  1  0.0
  5  0.0
  6 80.4
  1  1.6
  3  1.6
  0  1.6
  6  0.0
  5  0.0
  4  0.0
  2  0.0
%CPU     %MEM    
 106  1.9
PSR %CPU
  7  1.9
  3  0.0
  5  0.0
  6 80.9
  1  1.5
  3  1.5
  0  1.5
  6  0.0
  5  0.0
  4  0.0
  2  0.0
%CPU     %MEM    
 106  1.9
PSR %CPU
  1  2.0
  7  0.0
  5  0.0
  3 81.0
  7  1.6
  4  1.6
  2  1.6
  3  0.0
  6  0.0
  5  0.0
  0  0.0
%CPU     %MEM    
 106  1.9
PSR %CPU
  1  1.9
  7  0.0
  5  0.0
  3 81.5
  7  1.6
  4  1.6
  2  1.6
  3  0.0
  6  0.0
  5  0.0
  0  0.0
%CPU     %MEM    
 106  1.9
PSR %CPU
  1  1.9
  7  0.0
  5  0.0
  3 81.9
  7  1.5
  4  1.5
  2  1.5
  3  0.0
  6  0.0
  5  0.0
  0  0.0
%CPU     %MEM    
 105  1.9
PSR %CPU
  5  1.9
  7  0.0
  5  0.0
  3 80.9
  0  1.5
  1  1.5
  2  1.5
  3  0.0
  6  0.0
  4  0.0
  7  0.0
%CPU     %MEM    
 105  1.9
PSR %CPU
  5  2.0
  7  0.0
  5  0.0
  3 81.1
  2  1.5
  3  1.6
  4  1.5
  1  0.0
  7  0.0
  1  0.0
  6  0.0
%CPU     %MEM    
 106  1.9
PSR %CPU
  5  2.0
  7  0.0
  6  0.0
  3 81.3
  4  1.6
  7  1.6
  0  1.5
  1  0.0
  2  0.0
  6  0.0
  3  0.0
%CPU     %MEM    
 106  1.9
PSR %CPU
  5  2.0
  7  0.0
  6  0.0
  3 81.7
  4  1.5
  7  1.5
  0  1.5
  1  0.0
  2  0.0
  6  0.0
  3  0.0
%CPU     %MEM    
 106  1.9
PSR %CPU
  5  1.9
  7  0.0
  6  0.0
  3 82.1
  4  1.5
  7  1.5
  0  1.5
  1  0.0
  2  0.0
  6  0.0
  3  0.0
%CPU     %MEM    
 106  1.9
PSR %CPU
  1  2.0
  7  0.0
  7  0.0
  3 82.0
  6  1.5
  0  1.5
  7  1.5
  2  0.0
  3  0.0
  5  0.0
  4  0.0
%CPU     %MEM    
 105  1.9
PSR %CPU
  4  2.0
  7  0.0
  7  0.0
  3 81.0
  3  1.6
  6  1.6
  5  1.5
  0  0.0
  2  0.0
  1  0.0
  7  0.0
  4  0.0
  7  0.0
  5  0.0
  6  0.0
  3  0.0
  7  0.0
  3  0.0
%CPU     %MEM    
 106  1.9
PSR %CPU
  1  2.0
  7  0.0
  7  0.0
  3 81.0
  4  1.6
  3  1.6
  6  1.6
  0  0.0
  5  0.0
  7  0.0
  2  0.0
%CPU     %MEM    
 106  1.9
PSR %CPU
  1  2.0
  7  0.0
  7  0.0
  3 81.4
  4  1.6
  3  1.6
  6  1.6
  0  0.0
  5  0.0
  7  0.0
  2  0.0
%CPU     %MEM    
 106  1.9
PSR %CPU
  1  2.0
  7  0.0
  7  0.0
  3 81.8
  4  1.5
  3  1.6
  6  1.5
  0  0.0
  5  0.0
  7  0.0
  2  0.0
%CPU     %MEM    
 106  1.9
PSR %CPU
  1  2.0
  7  0.0
  7  0.0
  3 82.1
  4  1.5
  3  1.5
  6  1.5
  0  0.0
  5  0.0
  7  0.0
  2  0.0
%CPU     %MEM    
 105  1.9
PSR %CPU
  1  1.9
  7  0.0
  7  0.0
  3 81.7
  4  1.5
  3  1.5
  6  1.5
  0  0.0
  5  0.0
  7  0.0
  2  0.0
%CPU     %MEM    
 105  1.9
PSR %CPU
  1  2.0
  7  0.0
  7  0.0
  3 81.8
  0  1.5
  6  1.5
  7  1.5
  5  0.0
  4  0.0
  2  0.0
  3  0.0
%CPU     %MEM    
 105  1.9
PSR %CPU
  1  2.0
  0  0.0
  3  0.0
  3 81.8
  4  1.5
  6  1.5
  3  1.5
  7  0.0
  0  0.0
  5  0.0
  2  0.0
  1  0.0
  2  0.0
  3  0.0
  4  0.0
  6  0.0
  2  0.0
  6  0.0
%CPU     %MEM    
 106  1.9
PSR %CPU
  1  2.0
  0  0.0
  5  0.0
  3 82.0
  4  1.5
  3  1.5
  5  1.5
  0  0.0
  6  0.0
  7  0.0
  2  0.0
%CPU     %MEM    
 106  1.9
PSR %CPU
  7  2.0
  0  0.0
  5  0.0
  3 81.9
  6  1.6
  2  1.6
  5  1.5
  4  0.0
  1  0.0
  0  0.0
  3  0.0
%CPU     %MEM    
 106  1.9
PSR %CPU
  7  2.0
  0  0.0
  5  0.0
  3 82.3
  6  1.5
  2  1.5
  5  1.5
  4  0.0
  1  0.0
  0  0.0
  3  0.0
%CPU     %MEM    
 105  2.0
PSR %CPU
  4  2.1
  1  0.0
  7  0.0
  3 81.4
  2  1.5
  7  1.6
  6  1.5
  5  0.0
  3  0.0
  0  0.0
  1  0.0
%CPU     %MEM    
 105  2.0
PSR %CPU
  0  2.1
  2  0.0
  7  0.0
  3 81.3
  1  1.6
  4  1.6
  7  1.6
  2  0.0
  3  0.0
  5  0.0
  6  0.0
%CPU     %MEM    
 106  2.0
PSR %CPU
  0  2.1
  2  0.0
  7  0.0
  3 81.7
  1  1.6
  4  1.6
  7  1.5
  2  0.0
  3  0.0
  5  0.0
  6  0.0
%CPU     %MEM    
 106  2.0
PSR %CPU
  7  2.1
  5  0.0
  7  0.0
  3 81.6
  5  1.6
  4  1.6
  1  1.6
  0  0.0
  6  0.0
  2  0.0
  3  0.0
%CPU     %MEM    
 106  2.0
PSR %CPU
  7  2.1
  5  0.0
  7  0.0
  3 81.9
  5  1.6
  4  1.6
  1  1.6
  0  0.0
  6  0.0
  2  0.0
  3  0.0
%CPU     %MEM    
 106  2.0
PSR %CPU
  7  2.2
  5  0.0
  7  0.0
  3 81.9
  6  1.6
  4  1.6
  5  1.6
  1  0.0
  2  0.0
  0  0.0
  3  0.0
%CPU     %MEM    
 105  2.0
PSR %CPU
  0  2.1
  5  0.0
  7  0.0
  3 81.4
  2  1.6
  4  1.6
  5  1.5
%CPU     %MEM    
 105  2.0
PSR %CPU
  3  2.2
  0  0.0
  7  0.0
  3 81.2
  2  1.6
  0  1.6
  1  1.6
%CPU     %MEM    
 106  2.0
PSR %CPU
  3  2.3
  0  0.0
  0  0.0
  4 81.0
  2  1.6
  4  1.6
  1  1.6
%CPU     %MEM    
 106  2.0
PSR %CPU
  6  2.4
  2  0.0
  2  0.0
  3 80.8
  7  1.6
  2  1.7
  3  1.6
  1  0.0
  5  0.0
  4  0.0
  0  0.0
%CPU     %MEM    
 106  2.0
PSR %CPU
  6  2.4
  4  0.0
  2  0.0
  3 80.8
  7  1.7
  1  1.7
  4  1.7
  0  0.0
  2  0.0
  5  0.0
  3  0.0
%CPU     %MEM    
 106  2.0
PSR %CPU
  6  2.4
  4  0.0
  2  0.0
  3 81.1
  7  1.6
  1  1.7
  4  1.6
  0  0.0
  2  0.0
  5  0.0
  3  0.0
%CPU     %MEM    
 105  2.0
PSR %CPU
  6  2.4
  4  0.0
  2  0.0
  3 80.6
  3  1.6
  5  1.7
  4  1.6
  1  0.0
  0  0.0
  2  0.0
  7  0.0
  4  0.0
  7  0.0
  5  0.0
  2  0.0
  4  0.0
  7  0.0
  3  0.0
%CPU     %MEM    
 106  2.0
PSR %CPU
  0  2.4
  4  0.0
  0  0.0
  3 80.7
  5  1.6
  4  1.7
  7  1.6
  3  0.0
  2  0.0
  1  0.0
  6  0.0
%CPU     %MEM    
 106  2.0
PSR %CPU
  0  2.4
  4  0.0
  1  0.0
  3 81.0
  5  1.6
  4  1.6
  7  1.6
  3  0.0
  2  0.0
  1  0.0
  6  0.0
%CPU     %MEM    
 106  2.0
PSR %CPU
  5  2.4
  0  0.0
  0  0.0
  3 81.0
  1  1.6
  0  1.7
  3  1.6
  4  0.0
  7  0.0
  6  0.0
  2  0.0
%CPU     %MEM    
 106  2.0
PSR %CPU
  5  2.4
  2  0.0
  0  0.0
  3 81.2
  1  1.6
  0  1.7
  3  1.6
  4  0.0
  7  0.0
  6  0.0
  2  0.0
%CPU     %MEM    
 106  2.0
PSR %CPU
  6  2.5
  2  0.0
  1  0.0
  3 81.2
  4  1.7
  7  1.7
  1  1.6
  0  0.0
  3  0.0
  5  0.0
  2  0.0
%CPU     %MEM    
 105  2.0
PSR %CPU
  6  2.4
  2  0.0
  1  0.0
  3 80.8
  4  1.6
  7  1.7
  1  1.6
  0  0.0
  3  0.0
  5  0.0
  2  0.0
%CPU     %MEM    
 106  2.0
PSR %CPU
  6  2.4
  2  0.0
  1  0.0
  3 81.1
  4  1.6
  7  1.6
  1  1.6
  0  0.0
  3  0.0
  5  0.0
  2  0.0
%CPU     %MEM    
 106  2.0
PSR %CPU
  6  2.4
  2  0.0
  2  0.0
  3 81.4
  4  1.6
  7  1.6
  1  1.6
  0  0.0
  3  0.0
  5  0.0
  2  0.0
%CPU     %MEM    
 106  2.0
PSR %CPU
  4  2.5
  2  0.0
  2  0.0
  3 81.3
  7  1.6
  6  1.6
  5  1.6
  2  0.0
  1  0.0
  3  0.0
  0  0.0
%CPU     %MEM    
 106  2.0
PSR %CPU
  0  2.5
  2  0.0
  4  0.0
  3 81.3
  7  1.6
  2  1.7
  1  1.6
  5  0.0
  6  0.0
  3  0.0
  4  0.0
%CPU     %MEM    
 105  2.0
PSR %CPU
  0  2.5
  2  0.0
  4  0.0
  3 80.9
  7  1.6
  2  1.6
  1  1.6
  5  0.0
  6  0.0
  3  0.0
  4  0.0
%CPU     %MEM    
 105  2.0
PSR %CPU
  7  2.5
  2  0.0
  2  0.0
  3 80.9
  4  1.6
  6  1.7
  1  1.6
  5  0.0
  0  0.0
  2  0.0
  3  0.0
%CPU     %MEM    
 105  2.0
PSR %CPU
  0  2.5
  3  0.0
  3  0.0
  3 80.9
  7  1.6
  6  1.6
  5  1.6
  3  0.0
  2  0.0
  4  0.0
  1  0.0
  7  0.0
  1  0.0
  6  0.0
  3  0.0
  1  0.0
  1  0.0
  5  0.0
%CPU     %MEM    
 106  2.0
PSR %CPU
  2  2.5
  4  0.0
  4  0.0
  3 81.0
  3  1.6
  5  1.7
  6  1.6
  1  0.0
  4  0.0
  7  0.0
  0  0.0
%CPU     %MEM    
 106  2.0
PSR %CPU
  2  2.5
  4  0.0
  4  0.0
  3 81.3
  3  1.6
  5  1.6
  6  1.6
  1  0.0
  4  0.0
  7  0.0
  0  0.0
%CPU     %MEM    
 106  2.0
PSR %CPU
  2  2.6
  5  0.0
  0  0.0
  3 81.0
  1  1.7
  7  1.7
  0  1.7
  5  0.0
  3  0.0
  6  0.0
  0  0.0
  1  0.0
  7  0.0
  6  0.0
  0  0.0
  1  0.0
  7  0.0
  0  0.0
%CPU     %MEM    
 106  2.0
PSR %CPU
  7  2.7
  0  0.0
  5  0.0
  4 79.8
  0  1.7
  6  1.7
  2  1.7
%CPU     %MEM    
 106  2.0
PSR %CPU
  1  2.8
  0  0.0
  5  0.0
  4 79.9
  6  1.7
  3  1.7
  2  1.7
%CPU     %MEM    
 106  2.0
PSR %CPU
  3  2.9
  4  0.0
  6  0.0
  4 79.7
  5  1.7
  2  1.8
  4  1.7
  0  0.0
  1  0.0
  6  0.0
  7  0.0
  1  0.0
  2  0.0
  4  0.0
  5  0.0
  7  0.0
  7  0.0
  7  0.0
%CPU     %MEM    
 106  2.0
PSR %CPU
  3  2.9
  5  0.0
  7  0.0
  4 79.9
  7  1.7
  6  1.8
  4  1.7
  2  0.0
  5  0.0
  1  0.0
  0  0.0
%CPU     %MEM    
 106  2.0
PSR %CPU
  3  2.8
  5  0.0
  7  0.0
  4 80.2
  7  1.7
  6  1.7
  4  1.7
  2  0.0
  5  0.0
  1  0.0
  0  0.0
%CPU     %MEM    
 106  2.0
PSR %CPU
  1  2.9
  6  0.0
  1  0.0
  4 80.1
  0  1.7
  5  1.8
  4  1.7
  2  0.0
  3  0.0
  7  0.0
  6  0.0
%CPU     %MEM    
 106  2.0
PSR %CPU
  1  2.9
  7  0.0
  1  0.0
  4 79.8
  2  1.7
  7  1.7
  4  1.7
  3  0.0
  6  0.0
  5  0.0
  0  0.0
  5  0.0
  0  0.0
  7  0.0
  2  0.0
  4  0.0
  0  0.0
  4  0.0
%CPU     %MEM    
 106  2.0
PSR %CPU
  6  2.9
  0  0.0
  2  0.0
  6 79.8
  0  1.7
  5  1.7
  4  1.7
  7  0.0
  3  0.0
  2  0.0
  1  0.0
%CPU     %MEM    
 106  2.0
PSR %CPU
  0  3.0
  1  0.0
  5  0.0
  6 79.8
  6  1.7
  4  1.8
  2  1.7
  2  0.0
  1  0.0
  3  0.0
  5  0.0
%CPU     %MEM    
 106  2.0
PSR %CPU
  0  2.9
  1  0.0
  5  0.0
  6 80.0
  7  1.7
  4  1.8
  5  1.7
  1  0.0
  2  0.0
  3  0.0
  6  0.0
%CPU     %MEM    
 106  2.0
PSR %CPU
  0  2.9
  1  0.0
  5  0.0
  6 80.2
  7  1.7
  4  1.7
  5  1.7
  1  0.0
  2  0.0
  3  0.0
  6  0.0
%CPU     %MEM    
 106  2.0
PSR %CPU
  2  3.0
  1  0.0
  5  0.0
  6 80.2
  4  1.7
  3  1.8
  6  1.7
  1  0.0
  0  0.0
  7  0.0
  5  0.0
%CPU     %MEM    
 106  2.0
PSR %CPU
  2  2.9
  1  0.0
  5  0.0
  6 79.9
  4  1.7
  3  1.7
  6  1.7
  1  0.0
  0  0.0
  7  0.0
  5  0.0
%CPU     %MEM    
 106  2.0
PSR %CPU
  3  3.0
  1  0.0
  5  0.0
  6 80.0
  6  1.7
  4  1.7
  1  1.7
  0  0.0
  5  0.0
  7  0.0
  4  0.0
  1  0.0
  6  0.0
  1  0.0
  4  0.0
  6  0.0
  4  0.0
  5  0.0
%CPU     %MEM    
 106  2.0
PSR %CPU
  3  3.0
  1  0.0
  7  0.0
  6 80.1
  4  1.7
  1  1.7
  7  1.7
  5  0.0
  2  0.0
  6  0.0
  0  0.0
%CPU     %MEM    
 106  2.0
PSR %CPU
  3  3.0
  1  0.0
  7  0.0
  6 80.3
  4  1.7
  1  1.7
  7  1.7
  5  0.0
  2  0.0
  6  0.0
  0  0.0
%CPU     %MEM    
 106  2.0
PSR %CPU
  3  2.9
  1  0.0
  7  0.0
  6 80.5
  4  1.7
  1  1.7
  7  1.7
  5  0.0
  2  0.0
  6  0.0
  0  0.0
%CPU     %MEM    
 105  2.0
PSR %CPU
  3  2.9
  1  0.0
  7  0.0
  6 80.3
  4  1.7
  1  1.7
  7  1.7
  5  0.0
  2  0.0
  6  0.0
  0  0.0
%CPU     %MEM    
 106  2.0
PSR %CPU
  3  2.9
  1  0.0
  1  0.0
  6 80.4
  4  1.7
  1  1.7
  6  1.7
  0  0.0
  2  0.0
  1  0.0
  5  0.0
  4  0.0
  6  0.0
  6  0.0
  7  0.0
  1  0.0
  5  0.0
  4  0.0
%CPU     %MEM    
 106  2.0
PSR %CPU
  2  2.9
  1  0.0
  1  0.0
  6 80.4
  5  1.7
  3  1.7
  0  1.7
  1  0.0
  7  0.0
  4  0.0
  6  0.0
%CPU     %MEM    
 106  2.0
PSR %CPU
  2  2.9
  3  0.0
  3  0.0
  6 80.7
  5  1.7
  3  1.7
  0  1.7
  1  0.0
  7  0.0
  4  0.0
  6  0.0
%CPU     %MEM    
 106  2.0
PSR %CPU
  5  3.0
  3  0.0
  4  0.0
  6 80.6
  7  1.7
  1  1.7
  4  1.7
  0  0.0
  3  0.0
  6  0.0
  2  0.0
%CPU     %MEM    
 106  2.0
PSR %CPU
  2  3.0
  3  0.0
  4  0.0
  6 80.6
  1  1.7
  3  1.7
  5  1.7
  4  0.0
  0  0.0
  6  0.0
  7  0.0
%CPU     %MEM    
 106  2.0
PSR %CPU
  2  3.0
  3  0.0
  4  0.0
  6 80.3
  1  1.7
  3  1.7
  5  1.7
  4  0.0
  0  0.0
  6  0.0
  7  0.0
%CPU     %MEM    
 106  2.0
PSR %CPU
  2  3.0
  3  0.0
  4  0.0
  6 80.5
  1  1.7
  3  1.7
  5  1.7
  4  0.0
  0  0.0
  6  0.0
  7  0.0
%CPU     %MEM    
 106  2.0
PSR %CPU
  2  3.0
  3  0.0
  4  0.0
  6 80.8
  1  1.6
  3  1.7
  5  1.6
  4  0.0
  0  0.0
  6  0.0
  7  0.0
%CPU     %MEM    
 106  2.0
PSR %CPU
  2  2.9
  3  0.0
  4  0.0
  6 81.0
  1  1.6
  3  1.7
  5  1.6
  4  0.0
  0  0.0
  6  0.0
  7  0.0
%CPU     %MEM    
 106  2.0
PSR %CPU
  3  3.0
  4  0.0
  4  0.0
  6 80.9
  4  1.6
  2  1.7
  1  1.7
  0  0.0
  6  0.0
  5  0.0
  7  0.0
%CPU     %MEM    
 106  2.0
PSR %CPU
  3  3.0
  4  0.0
  4  0.0
  6 81.1
  4  1.6
  2  1.7
  1  1.6
  0  0.0
  6  0.0
  5  0.0
  7  0.0
%CPU     %MEM    
 106  2.0
PSR %CPU
  5  3.0
  5  0.0
  5  0.0
  6 80.6
  1  1.6
  6  1.7
  0  1.6
  3  0.0
  2  0.0
  7  0.0
  4  0.0
%CPU     %MEM    
 106  2.0
PSR %CPU
  1  3.0
  5  0.0
  5  0.0
  6 80.7
  0  1.6
  6  1.7
  3  1.6
  4  0.0
  7  0.0
  2  0.0
  5  0.0
  6  0.0
  0  0.0
  1  0.0
  3  0.0
  6  0.0
  5  0.0
  5  0.0
%CPU     %MEM    
 106  2.0
PSR %CPU
  3  3.1
  1  0.0
  7  0.0
  6 80.8
  5  1.6
  6  1.7
  7  1.6
  2  0.0
  0  0.0
  1  0.0
  4  0.0
%CPU     %MEM    
 106  2.0
PSR %CPU
  0  3.1
  4  0.0
  1  0.0
  6 80.8
  4  1.7
  1  1.7
  6  1.7
  7  0.0
  4  0.0
  2  0.0
  5  0.0
%CPU     %MEM    
 106  2.0
PSR %CPU
  4  3.2
  7  0.0
  3  0.0
  6 80.7
  7  1.7
  5  1.7
  6  1.7
  1  0.0
  0  0.0
  3  0.0
  2  0.0
%CPU     %MEM    
 106  2.0
PSR %CPU
  4  3.2
  7  0.0
  3  0.0
  6 81.0
  7  1.7
  5  1.7
  6  1.7
  1  0.0
  0  0.0
  3  0.0
  2  0.0
%CPU     %MEM    
 106  2.0
PSR %CPU
  4  3.1
  7  0.0
  3  0.0
  6 80.7
  7  1.7
  5  1.7
  6  1.7
  1  0.0
  3  0.0
  2  0.0
  0  0.0
  4  0.0
  5  0.0
  6  0.0
  7  0.0
  0  0.0
  5  0.0
  2  0.0
%CPU     %MEM    
 106  2.0
PSR %CPU
  1  3.2
  0  0.0
  4  0.0
  0 80.5
  3  1.7
  2  1.7
  0  1.7
  6  0.0
  4  0.0
  5  0.0
  2  0.0
  3  0.0
  0  0.0
  2  0.0
  2  0.0
  3  0.0
  0  0.0
  5  0.0
%CPU     %MEM    
 106  2.0
PSR %CPU
  7  3.3
  6  0.0
  5  0.0
  3 80.1
  5  1.7
  4  1.7
  2  1.7
%CPU     %MEM    
 106  2.0
PSR %CPU
  0  3.5
  2  0.0
  1  0.0
  4 79.7
  1  1.8
  7  1.8
  6  1.8
%CPU     %MEM    
 106  2.0
PSR %CPU
  3  3.6
  2  0.0
  1  0.0
  4 79.4
  5  1.8
  4  1.8
  7  1.8
  0  0.0
  6  0.0
  2  0.0
  1  0.0
%CPU     %MEM    
 106  2.0
PSR %CPU
  4  3.7
  4  0.0
  4  0.0
  0 78.9
  1  1.8
  3  1.8
  7  1.8
  5  0.0
  2  0.0
  6  0.0
  0  0.0
%CPU     %MEM    
 106  2.0
PSR %CPU
  2  3.8
  7  0.0
  5  0.0
  0 78.8
  5  1.8
  4  1.8
  6  1.8
  3  0.0
  1  0.0
  7  0.0
  0  0.0
%CPU     %MEM    
 106  2.0
PSR %CPU
  3  3.8
  0  0.0
  5  0.0
  0 78.9
  5  1.8
  0  1.8
  6  1.8
  4  0.0
  2  0.0
  1  0.0
  7  0.0
  0  0.0
  4  0.0
  5  0.0
  6  0.0
  7  0.0
  7  0.0
  7  0.0
%CPU     %MEM    
 106  2.0
PSR %CPU
  3  3.8
  7  0.0
  6  0.0
  3 78.9
  7  1.8
  6  1.8
  5  1.8
  2  0.0
  4  0.0
  1  0.0
  0  0.0
%CPU     %MEM    
 107  2.0
PSR %CPU
  7  3.9
  6  0.0
  0  0.0
  3 78.8
  5  1.8
  2  1.8
  3  1.8
  6  0.0
  0  0.0
  1  0.0
  4  0.0
%CPU     %MEM    
 107  2.0
PSR %CPU
  7  3.8
  6  0.0
  0  0.0
  3 79.0
  5  1.8
  2  1.8
  3  1.8
  6  0.0
  0  0.0
  1  0.0
  4  0.0
%CPU     %MEM    
 106  2.0
PSR %CPU
  0  3.8
  6  0.0
  0  0.0
  3 78.8
  5  1.8
  2  1.8
  3  1.8
  6  0.0
  0  0.0
  1  0.0
  4  0.0
%CPU     %MEM    
 106  2.1
PSR %CPU
  5  3.9
  7  0.0
  1  0.0
  4 78.7
  4  1.8
  1  1.8
  2  1.8
  3  0.0
  1  0.0
  6  0.0
  0  0.0
%CPU     %MEM    
 106  2.0
PSR %CPU
  1  3.9
  7  0.0
  0  0.0
  4 78.7
  2  1.8
  0  1.8
  4  1.8
  6  0.0
  3  0.0
  5  0.0
  7  0.0
%CPU     %MEM    
 106  2.0
PSR %CPU
  1  3.9
  7  0.0
  0  0.0
  4 78.9
  2  1.8
  0  1.8
  4  1.8
  6  0.0
  3  0.0
  5  0.0
  7  0.0
%CPU     %MEM    
 106  2.0
PSR %CPU
  1  3.9
  7  0.0
  0  0.0
  4 79.1
  2  1.8
  0  1.8
  4  1.8
  6  0.0
  3  0.0
  5  0.0
  7  0.0
%CPU     %MEM    
 107  2.1
PSR %CPU
  0  3.9
  1  0.0
  3  0.0
  4 79.1
  7  1.8
  6  1.8
  1  1.8
  4  0.0
  5  0.0
  3  0.0
  2  0.0
%CPU     %MEM    
 106  2.1
PSR %CPU
  0  3.9
  1  0.0
  3  0.0
  4 78.9
  7  1.8
  6  1.8
  1  1.8
  4  0.0
  5  0.0
  3  0.0
  2  0.0
%CPU     %MEM    
 106  2.1
PSR %CPU
  3  4.0
  1  0.0
  7  0.0
  6 78.5
  4  1.8
  5  1.9
  2  1.8
  6  0.0
  1  0.0
  0  0.0
  7  0.0
  0  0.0
  2  0.0
  4  0.0
  5  0.0
  7  0.0
  1  0.0
  2  0.0
%CPU     %MEM    
 106  2.1
PSR %CPU
  6  4.1
  1  0.0
  7  0.0
  0 78.5
  7  1.9
  4  1.9
  1  1.8
  3  0.0
  2  0.0
  5  0.0
  0  0.0
%CPU     %MEM    
 107  2.1
PSR %CPU
  7  4.1
  2  0.0
  1  0.0
  0 78.4
  5  1.9
  2  1.9
  3  1.8
  6  0.0
  1  0.0
  4  0.0
  3  0.0
%CPU     %MEM    
 107  2.1
PSR %CPU
  7  4.1
  2  0.0
  1  0.0
  0 78.5
  5  1.8
  2  1.9
  3  1.8
  1  0.0
  0  0.0
  4  0.0
  6  0.0
%CPU     %MEM    
 107  2.1
PSR %CPU
  6  4.2
  5  0.0
  3  0.0
  0 78.4
  7  1.9
  4  1.9
  1  1.9
  5  0.0
  2  0.0
  0  0.0
  3  0.0
%CPU     %MEM    
 106  2.1
PSR %CPU
  5  4.2
  5  0.0
  5  0.0
  0 77.9
  7  1.9
  3  1.9
  6  1.9
  1  0.0
  4  0.0
  2  0.0
  0  0.0
%CPU     %MEM    
 106  2.1
PSR %CPU
  1  4.3
  5  0.0
  1  0.0
  0 78.0
  0  1.9
  7  1.9
  6  1.9
  3  0.0
  4  0.0
  2  0.0
  5  0.0
  6  0.0
  7  0.0
  0  0.0
  2  0.0
  5  0.0
  6  0.0
  2  0.0
%CPU     %MEM    
 107  2.1
PSR %CPU
  1  4.3
  6  0.0
  4  0.0
  0 78.0
  2  1.9
  4  1.9
  0  1.9
  3  0.0
  7  0.0
  6  0.0
  5  0.0
%CPU     %MEM    
 107  2.1
PSR %CPU
  1  4.3
  6  0.0
  4  0.0
  0 78.2
  2  1.9
  4  1.9
  0  1.9
  3  0.0
  7  0.0
  6  0.0
  5  0.0
%CPU     %MEM    
 107  2.1
PSR %CPU
  1  4.2
  6  0.0
  4  0.0
  0 78.4
  2  1.9
  4  1.9
  0  1.8
  3  0.0
  7  0.0
  6  0.0
  5  0.0
%CPU     %MEM    
 106  2.1
PSR %CPU
  3  4.3
  7  0.0
  2  0.0
  4 77.9
  6  1.9
  4  1.9
  7  1.9
  5  0.0
  1  0.0
  2  0.0
  0  0.0
%CPU     %MEM    
 106  2.0
PSR %CPU
  3  4.4
  1  0.0
  2  0.0
  4 77.8
  7  1.9
  5  1.9
  2  1.9
  6  0.0
  4  0.0
  1  0.0
  0  0.0
%CPU     %MEM    
 106  2.0
PSR %CPU
  3  4.3
  1  0.0
  2  0.0
  4 78.0
  7  1.9
  5  1.9
  2  1.9
  6  0.0
  4  0.0
  1  0.0
  0  0.0
%CPU     %MEM    
 107  2.1
PSR %CPU
  6  4.4
  1  0.0
  4  0.0
  4 78.0
  0  1.9
  2  1.9
  5  1.9
  7  0.0
  1  0.0
  4  0.0
  3  0.0
  3  0.0
  6  0.0
  7  0.0
  3  0.0
  6  0.0
  7  0.0
  3  0.0
%CPU     %MEM    
 107  2.1
PSR %CPU
  3  4.4
  6  0.0
  5  0.0
  4 78.1
  5  1.9
  1  1.9
  0  1.9
  7  0.0
  2  0.0
  4  0.0
  6  0.0
%CPU     %MEM    
 107  2.1
PSR %CPU
  5  4.4
  3  0.0
  0  0.0
  6 78.0
  6  1.9
  1  1.9
  7  1.9
  2  0.0
  0  0.0
  3  0.0
  0  0.0
%CPU     %MEM    
 106  2.1
PSR %CPU
  0  4.5
  3  0.0
  2  0.0
  6 77.6
  4  1.9
  1  1.9
  2  1.9
  3  0.0
  6  0.0
  5  0.0
  7  0.0
%CPU     %MEM    
 106  2.1
PSR %CPU
  3  4.6
  5  0.0
  4  0.0
  6 77.5
  6  1.9
  1  1.9
  4  1.9
  0  0.0
  7  0.0
  5  0.0
  2  0.0
  1  0.0
  2  0.0
  3  0.0
  4  0.0
  6  0.0
  4  0.0
  1  0.0
%CPU     %MEM    
 107  2.1
PSR %CPU
  6  4.6
  4  0.0
  4  0.0
  0 77.5
  0  1.9
  2  1.9
  4  1.9
  5  0.0
  1  0.0
  7  0.0
  3  0.0
%CPU     %MEM    
 107  2.1
PSR %CPU
  6  4.7
  2  0.0
  2  0.0
  0 77.4
  7  1.9
  0  1.9
  5  1.9
  1  0.0
  4  0.0
  3  0.0
  2  0.0
%CPU     %MEM    
 107  2.1
PSR %CPU
  6  4.7
  3  0.0
  2  0.0
  0 77.4
  2  1.9
  0  1.9
  7  1.9
  3  0.0
  5  0.0
  1  0.0
  4  0.0
%CPU     %MEM    
 107  2.1
PSR %CPU
  6  4.7
  3  0.0
  2  0.0
  0 77.6
  2  1.9
  0  1.9
  7  1.9
  3  0.0
  5  0.0
  1  0.0
  4  0.0
%CPU     %MEM    
 107  2.1
PSR %CPU
  5  4.8
  6  0.0
  1  0.0
  0 77.0
  2  1.9
  6  1.9
  1  1.9
  7  0.0
  3  0.0
  0  0.0
  4  0.0
%CPU     %MEM    
 107  2.1
PSR %CPU
  5  4.8
  6  0.0
  2  0.0
  0 77.0
  4  1.9
  7  1.9
  3  1.9
  2  0.0
  1  0.0
  6  0.0
  1  0.0
%CPU     %MEM    
 107  2.1
PSR %CPU
  7  4.9
  1  0.0
  2  0.0
  3 76.9
  3  1.9
  2  2.0
  1  1.9
%CPU     %MEM    
 107  2.1
PSR %CPU
  3  4.9
  1  0.0
  2  0.0
  4 77.0
  6  1.9
  7  2.0
  1  1.9
  5  0.0
  4  0.0
  0  0.0
  2  0.0
%CPU     %MEM    
 107  2.1
PSR %CPU
  3  4.9
  1  0.0
  2  0.0
  4 77.1
  6  1.9
  7  1.9
  1  1.9
  5  0.0
  4  0.0
  0  0.0
  2  0.0
%CPU     %MEM    
 107  2.1
PSR %CPU
  3  4.9
  1  0.0
  2  0.0
  4 77.3
  6  1.9
  7  1.9
  1  1.9
  5  0.0
  4  0.0
  0  0.0
  2  0.0
%CPU     %MEM    
 107  2.1
PSR %CPU
  6  4.9
  1  0.0
  3  0.0
  4 76.9
  5  1.9
  1  1.9
  3  1.9
  7  0.0
  0  0.0
  4  0.0
  2  0.0
%CPU     %MEM    
 107  2.1
PSR %CPU
  6  4.9
  3  0.0
  3  0.0
  4 77.0
  1  1.9
  4  1.9
  5  1.9
%CPU     %MEM    
 107  2.1
PSR %CPU
  6  5.0
  5  0.0
  5  0.0
  4 77.0
  3  1.9
  2  1.9
  5  1.9
  1  0.0
  7  0.0
  0  0.0
  4  0.0
%CPU     %MEM    
 107  2.1
PSR %CPU
  6  4.9
  6  0.0
  5  0.0
  4 77.2
  3  1.9
  2  1.9
  5  1.9
  1  0.0
  7  0.0
  0  0.0
  4  0.0
%CPU     %MEM    
 107  2.1
PSR %CPU
  6  4.9
  6  0.0
  5  0.0
  4 77.4
  3  1.9
  2  1.9
  5  1.9
  1  0.0
  7  0.0
  0  0.0
  4  0.0
%CPU     %MEM    
 107  2.1
PSR %CPU
  4  5.0
  5  0.0
  5  0.0
  6 76.8
  3  1.9
  6  1.9
  5  1.9
  2  0.0
  7  0.0
  0  0.0
  5  0.0
  0  0.0
  3  0.0
  5  0.0
  6  0.0
  3  0.0
  5  0.0
  6  0.0
%CPU     %MEM    
 107  2.1
PSR %CPU
  4  5.0
  5  0.0
  5  0.0
  6 76.9
  1  1.9
  5  1.9
  2  1.9
  3  0.0
  0  0.0
  7  0.0
  6  0.0
%CPU     %MEM    
 107  2.1
PSR %CPU
  4  5.0
  5  0.0
  5  0.0
  6 77.0
  1  1.9
  7  1.9
  6  1.9
  3  0.0
  2  0.0
  5  0.0
  0  0.0
  1  0.0
  4  0.0
  6  0.0
  7  0.0
  0  0.0
  0  0.0
  4  0.0
%CPU     %MEM    
 107  2.1
PSR %CPU
  2  5.1
  5  0.0
  3  0.0
  6 76.8
  7  1.9
  5  2.0
  6  1.9
  1  0.0
  4  0.0
  0  0.0
  3  0.0
%CPU     %MEM    
 107  2.1
PSR %CPU
  3  5.2
  5  0.0
  4  0.0
  6 76.7
  5  2.0
  4  2.0
  6  2.0
  1  0.0
  7  0.0
  2  0.0
  0  0.0
%CPU     %MEM    
 107  2.1
PSR %CPU
  3  5.2
  5  0.0
  5  0.0
  6 76.9
  5  1.9
  4  2.0
  6  1.9
  1  0.0
  7  0.0
  2  0.0
  0  0.0
%CPU     %MEM    
 107  2.1
PSR %CPU
  6  5.2
  7  0.0
  5  0.0
  0 76.5
  5  1.9
  2  2.0
  1  1.9
  7  0.0
  0  0.0
  3  0.0
  4  0.0
%CPU     %MEM    
 107  2.1
PSR %CPU
  6  5.3
  1  0.0
  5  0.0
  0 76.4
  7  2.0
  2  2.0
  1  2.0
  4  0.0
  5  0.0
  0  0.0
  3  0.0
%CPU     %MEM    
 107  2.1
PSR %CPU
  0  5.3
  4  0.0
  5  0.0
  0 76.4
  1  2.0
  4  2.0
  5  2.0
  3  0.0
  4  0.0
  2  0.0
  7  0.0
%CPU     %MEM    
 107  2.1
PSR %CPU
  3  5.3
  5  0.0
  5  0.0
  0 76.5
  1  2.0
  6  2.0
  5  2.0
  4  0.0
  0  0.0
  2  0.0
  7  0.0
%CPU     %MEM    
 107  2.1
PSR %CPU
  7  5.4
  4  0.0
  6  0.0
  0 76.5
  0  2.0
  2  2.0
  3  2.0
  6  0.0
  4  0.0
  1  0.0
  5  0.0
%CPU     %MEM    
 107  2.1
PSR %CPU
  7  5.5
  2  0.0
  6  0.0
  0 76.4
  2  2.0
  0  2.0
  6  2.0
  5  0.0
  1  0.0
  3  0.0
  4  0.0
%CPU     %MEM    
 107  2.1
PSR %CPU
  0  5.4
  2  0.0
  6  0.0
  0 76.2
  2  2.0
  0  2.0
  6  2.0
  5  0.0
  1  0.0
  3  0.0
  4  0.0
%CPU     %MEM    
 107  2.1
PSR %CPU
  3  5.6
  0  0.0
  6  0.0
  0 76.0
  4  2.0
  3  2.0
  6  2.0
  0  0.0
  7  0.0
  1  0.0
  5  0.0
%CPU     %MEM    
 107  2.1
PSR %CPU
  1  5.7
  6  0.0
  7  0.0
  4 75.7
  1  2.0
  6  2.0
  3  2.0
  7  0.0
  5  0.0
  2  0.0
  4  0.0
  6  0.0
  0  0.0
  1  0.0
  3  0.0
  4  0.0
  4  0.0
  4  0.0
%CPU     %MEM    
 107  2.1
PSR %CPU
  3  5.8
  0  0.0
  7  0.0
  5 75.5
  7  2.0
  4  2.1
  6  2.0
  0  0.0
  1  0.0
  2  0.0
  5  0.0
%CPU     %MEM    
 107  2.1
PSR %CPU
  6  6.0
  0  0.0
  1  0.0
  5 75.2
  3  2.1
  5  2.1
  1  2.1
%CPU     %MEM    
 107  2.1
PSR %CPU
  3  6.1
  2  0.0
  2  0.0
  4 75.1
  2  2.1
  6  2.1
  0  2.1
  4  0.0
  7  0.0
  5  0.0
  1  0.0
%CPU     %MEM    
 107  2.2
PSR %CPU
  3  6.0
  3  0.0
  3  0.0
  4 74.9
  5  2.1
  2  2.1
  0  2.1
  1  0.0
  6  0.0
  4  0.0
  7  0.0
  0  0.0
  2  0.0
  4  0.0
  5  0.0
  7  0.0
  7  0.0
  7  0.0
%CPU     %MEM    
 107  2.1
PSR %CPU
  6  6.1
  5  0.0
  5  0.0
  4 74.9
  5  2.1
  2  2.1
  7  2.1
  0  0.0
  3  0.0
  1  0.0
  4  0.0
%CPU     %MEM    
 107  2.1
PSR %CPU
  6  6.0
  5  0.0
  5  0.0
  4 75.1
  5  2.1
  2  2.1
  7  2.1
  0  0.0
  3  0.0
  1  0.0
  4  0.0
%CPU     %MEM    
 107  2.2
PSR %CPU
  1  6.1
  6  0.0
  6  0.0
  4 75.0
  6  2.1
  5  2.1
  0  2.1
  4  0.0
  3  0.0
  7  0.0
  2  0.0
%CPU     %MEM    
 107  2.1
PSR %CPU
  5  6.2
  6  0.0
  1  0.0
  4 74.9
  6  2.1
  1  2.1
  7  2.1
  3  0.0
  0  0.0
  2  0.0
  4  0.0
%CPU     %MEM    
 107  2.1
PSR %CPU
  7  6.2
  6  0.0
  2  0.0
  4 74.6
  1  2.1
  5  2.1
  0  2.1
  4  0.0
  2  0.0
  3  0.0
  6  0.0
%CPU     %MEM    
 107  2.2
PSR %CPU
  0  6.2
  3  0.0
  3  0.0
  4 74.7
  1  2.1
  6  2.1
  3  2.1
  7  0.0
  2  0.0
  5  0.0
  4  0.0
  3  0.0
  1  0.0
  7  0.0
  6  0.0
  0  0.0
  4  0.0
  5  0.0
%CPU     %MEM    
 107  2.1
PSR %CPU
  7  6.4
  6  0.0
  4  0.0
  5 74.4
  2  2.1
  4  2.1
  1  2.1
  6  0.0
  0  0.0
  5  0.0
  3  0.0
%CPU     %MEM    
 107  2.1
PSR %CPU
  2  6.4
  7  0.0
  5  0.0
  5 74.4
  7  2.1
  1  2.1
  4  2.1
  5  0.0
  3  0.0
  0  0.0
  6  0.0
%CPU     %MEM    
 107  2.2
PSR %CPU
  4  6.5
  0  0.0
  1  0.0
  0 74.3
  2  2.1
  3  2.1
  7  2.1
  5  0.0
  6  0.0
  0  0.0
  1  0.0
%CPU     %MEM    
 108  2.2
PSR %CPU
  4  6.5
  1  0.0
  1  0.0
  0 74.5
  2  2.1
  3  2.1
  7  2.1
  5  0.0
  6  0.0
  0  0.0
  1  0.0
%CPU     %MEM    
 107  2.2
PSR %CPU
  6  6.5
  3  0.0
  3  0.0
  0 74.1
  3  2.1
  2  2.1
  1  2.1
  7  0.0
  4  0.0
  5  0.0
  0  0.0
%CPU     %MEM    
 107  2.2
PSR %CPU
  0  6.6
  3  0.0
  3  0.0
  0 73.9
  6  2.1
  7  2.2
  1  2.1
  5  0.0
  2  0.0
  3  0.0
  4  0.0
%CPU     %MEM    
 108  2.2
PSR %CPU
  3  6.8
  6  0.0
  5  0.0
  0 73.6
  0  2.2
  1  2.2
  6  2.2
  5  0.0
  2  0.0
  4  0.0
  7  0.0
%CPU     %MEM    
 108  2.2
PSR %CPU
  3  6.9
  5  0.0
  5  0.0
  0 73.5
  6  2.2
  1  2.2
  7  2.2
  4  0.0
  2  0.0
  5  0.0
  0  0.0
%CPU     %MEM    
 108  2.2
PSR %CPU
  3  6.8
  5  0.0
  5  0.0
  0 73.7
  6  2.2
  1  2.2
  7  2.2
  4  0.0
  2  0.0
  5  0.0
  0  0.0
%CPU     %MEM    
 108  2.2
PSR %CPU
  3  6.8
  5  0.0
  6  0.0
  0 73.8
  6  2.1
  1  2.2
  7  2.2
  4  0.0
  2  0.0
  5  0.0
  0  0.0
%CPU     %MEM    
 107  2.2
PSR %CPU
  7  6.9
  5  0.0
  6  0.0
  0 73.5
  0  2.1
  2  2.2
  6  2.2
  5  0.0
  3  0.0
  1  0.0
  4  0.0
%CPU     %MEM    
 107  2.2
PSR %CPU
  5  6.9
  0  0.0
  7  0.0
  0 73.5
  0  2.1
  1  2.2
  6  2.2
  4  0.0
  3  0.0
  2  0.0
  7  0.0
%CPU     %MEM    
 108  2.1
PSR %CPU
  3  6.9
  1  0.0
  4  0.0
  0 73.5
  0  2.1
  4  2.2
  6  2.2
  5  0.0
  2  0.0
  1  0.0
  7  0.0
%CPU     %MEM    
 108  2.1
PSR %CPU
  3  6.9
  1  0.0
  4  0.0
  0 73.7
  0  2.1
  4  2.2
  6  2.2
  5  0.0
  2  0.0
  1  0.0
  7  0.0
%CPU     %MEM    
 108  2.1
PSR %CPU
  3  6.9
  1  0.0
  4  0.0
  0 73.9
  0  2.1
  4  2.2
  6  2.1
  5  0.0
  2  0.0
  1  0.0
  7  0.0
%CPU     %MEM    
 108  2.1
PSR %CPU
  3  6.8
  1  0.0
  4  0.0
  0 74.0
  0  2.1
  4  2.2
  6  2.1
  5  0.0
  2  0.0
  1  0.0
  7  0.0
%CPU     %MEM    
 107  2.2
PSR %CPU
  3  6.8
  1  0.0
  5  0.0
  0 73.9
  0  2.1
  1  2.1
  6  2.1
  5  0.0
  2  0.0
  4  0.0
  7  0.0
  1  0.0
  5  0.0
  6  0.0
  7  0.0
  4  0.0
  3  0.0
  4  0.0
%CPU     %MEM    
 107  2.1
PSR %CPU
  2  6.9
  1  0.0
  6  0.0
  0 73.8
  3  2.1
  4  2.2
  1  2.1
  5  0.0
  0  0.0
  7  0.0
  6  0.0
%CPU     %MEM    
 107  2.2
PSR %CPU
  2  6.9
  3  0.0
  7  0.0
  0 73.8
  6  2.1
  5  2.1
  7  2.1
  1  0.0
  3  0.0
  6  0.0
  0  0.0
  7  0.0
  5  0.0
  6  0.0
  0  0.0
  5  0.0
  7  0.0
  0  0.0
%CPU     %MEM    
 108  2.2
PSR %CPU
  4  7.0
  3  0.0
  3  0.0
  0 73.7
  6  2.1
  5  2.2
  1  2.1
%CPU     %MEM    
 108  2.2
PSR %CPU
  4  7.0
  3  0.0
  3  0.0
  0 73.8
  6  2.1
  5  2.2
  7  2.1
  2  0.0
  1  0.0
  3  0.0
  0  0.0
%CPU     %MEM    
 107  2.2
PSR %CPU
  6  7.1
  4  0.0
