%CPU     %MEM    
 0.0  0.0
PSR %CPU
  0  0.0
  1  0.0
  3  0.0
  6  0.0
  3  0.0
  5  0.0
  2  0.0
%CPU     %MEM    
 133  0.2
PSR %CPU
  1  3.0
  1  0.0
  3  0.0
  6  112
  3  2.0
  2  2.0
  4  2.0
  7  0.0
  7  0.0
  5  0.0
  0  0.0
%CPU     %MEM    
 125  0.4
PSR %CPU
  1  1.5
  1  0.0
  3  0.0
  6  114
  3  1.0
  2  1.0
  4  1.0
  7  0.0
  7  0.0
  5  0.0
  0  0.0
%CPU     %MEM    
 122  0.6
PSR %CPU
  1  1.0
  1  0.0
  4  0.0
  6  115
  3  0.6
  2  0.6
  4  0.6
  7  0.0
  7  0.0
  5  0.0
  0  0.0
%CPU     %MEM    
97.2  0.7
PSR %CPU
  1  0.6
  1  0.0
  4  0.0
  6 92.8
  3  0.4
  2  0.4
  4  0.4
  7  0.0
  7  0.0
  5  0.0
  0  0.0
%CPU     %MEM    
 100  0.7
PSR %CPU
  1  0.5
  1  0.0
  4  0.0
  6 96.8
  3  0.3
  2  0.3
  4  0.3
  7  0.0
  7  0.0
  5  0.0
  0  0.0
%CPU     %MEM    
 103  0.7
PSR %CPU
  1  0.4
  3  0.0
  4  0.0
  6 99.8
  3  0.2
  2  0.2
  4  0.2
  7  0.0
  7  0.0
  5  0.0
  0  0.0
%CPU     %MEM    
 106  0.7
PSR %CPU
  2  1.1
  3  0.0
  4  0.0
  6 96.5
  7  1.0
  0  1.1
  1  1.1
%CPU     %MEM    
 108  0.7
PSR %CPU
  4  1.5
  3  0.0
  7  0.1
  4 94.7
  5  1.5
  3  1.5
  6  1.5
  7  0.0
  0  0.0
  1  0.0
  2  0.0
%CPU     %MEM    
 109  0.7
PSR %CPU
  4  1.4
  3  0.0
  7  0.1
  4 97.1
  5  1.4
  3  1.4
  6  1.4
  7  0.0
  0  0.0
  1  0.0
  2  0.0
%CPU     %MEM    
 101  0.7
PSR %CPU
  4  1.1
  3  0.0
  7  0.0
  4 90.6
  5  1.1
  3  1.1
  6  1.1
  7  0.0
  0  0.0
  1  0.0
  2  0.0
%CPU     %MEM    
 102  0.7
PSR %CPU
  4  1.0
  3  0.0
  7  0.0
  4 92.7
  5  1.0
  3  1.0
  6  1.0
  7  0.0
  0  0.0
  1  0.0
  2  0.0
%CPU     %MEM    
 103  0.7
PSR %CPU
  4  1.0
  3  0.0
  7  0.0
  4 94.5
  5  1.0
  3  1.0
  6  1.0
  7  0.0
  0  0.0
  1  0.0
  2  0.0
%CPU     %MEM    
 104  0.7
PSR %CPU
  4  0.9
  3  0.0
  7  0.0
  4 96.0
  5  0.9
  3  0.9
  6  0.9
  7  0.0
  0  0.0
  1  0.0
  2  0.0
%CPU     %MEM    
 105  0.7
PSR %CPU
  4  0.8
  3  0.0
  7  0.0
  4 97.3
  5  0.8
  3  0.8
  6  0.8
  7  0.0
  0  0.0
  1  0.0
  2  0.0
%CPU     %MEM    
 105  0.7
PSR %CPU
  4  0.8
  3  0.0
  7  0.0
  4 98.5
  5  0.8
  3  0.8
  6  0.8
  7  0.0
  0  0.0
  1  0.0
  2  0.0
%CPU     %MEM    
 101  0.7
PSR %CPU
  1  1.0
  3  0.0
  2  0.0
  1 92.4
  0  1.0
  7  1.0
  2  1.0
  4  0.0
  5  0.0
  6  0.0
  3  0.0
%CPU     %MEM    
 102  0.7
PSR %CPU
  5  1.4
  3  0.0
  4  0.0
  6 89.7
  3  1.5
  6  1.5
  7  1.5
  0  0.0
  1  0.0
  4  0.0
  2  0.0
%CPU     %MEM    
 103  0.7
PSR %CPU
  5  1.3
  3  0.0
  4  0.0
  6 91.0
  3  1.4
  6  1.4
  7  1.4
  0  0.0
  1  0.0
  4  0.0
  2  0.0
%CPU     %MEM    
 104  0.7
PSR %CPU
  4  1.5
  3  0.0
  4  0.0
  3 90.4
  6  1.6
  2  1.6
  7  1.5
%CPU     %MEM    
 105  0.7
PSR %CPU
  2  2.0
  3  0.0
  4  0.0
  2 87.4
  1  2.1
  3  2.2
  4  2.1
  0  0.0
  6  0.0
  7  0.0
  5  0.0
%CPU     %MEM    
 107  0.7
PSR %CPU
  1  2.4
  0  0.1
  4  0.0
  2 85.5
  0  2.6
  2  2.6
  4  2.5
%CPU     %MEM    
 104  0.7
PSR %CPU
  4  2.6
  0  0.1
  4  0.1
  5 80.3
  6  2.8
  5  2.9
  7  2.8
  3  0.0
  2  0.0
  0  0.0
  1  0.0
%CPU     %MEM    
 105  0.7
PSR %CPU
  5  3.0
  3  0.1
  6  0.1
  4 77.6
  6  3.4
  2  3.4
  4  3.3
%CPU     %MEM    
 107  0.7
PSR %CPU
  6  3.3
  3  0.1
  6  0.1
  6 76.3
  0  3.7
  4  3.7
  7  3.6
%CPU     %MEM    
 108  0.7
PSR %CPU
  2  3.7
  6  0.2
  6  0.1
  3 73.8
  1  4.2
  0  4.2
  3  4.2
  6  0.0
  7  0.0
  4  0.0
  5  0.0
%CPU     %MEM    
 109  0.7
PSR %CPU
  6  4.0
  6  0.2
  7  0.1
  5 73.2
  5  4.5
  3  4.4
  7  4.4
%CPU     %MEM    
 108  0.7
PSR %CPU
  0  4.3
  6  0.2
  0  0.1
  6 68.7
  2  4.8
  1  4.8
  3  4.7
%CPU     %MEM    
 109  0.7
PSR %CPU
  7  4.7
  5  0.2
  3  0.1
  5 66.7
  6  5.3
  0  5.3
  2  5.2
%CPU     %MEM    
 111  0.7
PSR %CPU
  0  5.2
  5  0.2
  0  0.2
  6 64.9
  7  5.7
  1  5.7
  6  5.6
  5  0.0
  3  0.0
  2  0.0
  6  0.0
  1  0.0
  2  0.0
  3  0.0
  6  0.0
  3  0.0
  4  0.0
  4  0.0
%CPU     %MEM    
 112  0.7
PSR %CPU
  1  5.3
  5  0.2
  1  0.2
  2 65.1
  0  5.8
  6  5.8
  3  5.8
  5  0.0
  7  0.0
  4  0.0
  2  0.0
%CPU     %MEM    
 113  0.7
PSR %CPU
  5  5.3
  6  0.2
  1  0.2
  5 66.0
  6  5.8
  0  5.8
  3  5.7
  2  0.0
  7  0.0
  4  0.0
  1  0.0
%CPU     %MEM    
 113  0.7
PSR %CPU
  3  5.4
  6  0.2
  1  0.2
  3 65.7
  5  5.9
  2  5.9
  0  5.8
  4  0.0
  1  0.0
  6  0.0
  7  0.0
%CPU     %MEM    
 112  0.7
PSR %CPU
  7  5.5
  1  0.2
  1  0.2
  0 63.2
  4  6.0
  3  6.0
  1  5.9
%CPU     %MEM    
 113  0.7
PSR %CPU
  4  5.9
  2  0.2
  1  0.2
  3 61.7
  1  6.4
  3  6.3
  6  6.3
%CPU     %MEM    
 114  0.7
PSR %CPU
  2  6.3
  4  0.2
  4  0.2
  3 60.2
  6  6.7
  4  6.7
  3  6.6
  5  0.0
  1  0.0
  2  0.0
  0  0.0
%CPU     %MEM    
 115  0.7
PSR %CPU
  7  6.6
  3  0.2
  4  0.2
  2 58.9
  0  7.0
  3  7.0
  5  6.9
%CPU     %MEM    
 117  0.7
PSR %CPU
  7  7.0
  7  0.3
  5  0.2
  3 57.6
  5  7.3
  3  7.3
  1  7.3
%CPU     %MEM    
 118  0.7
PSR %CPU
  2  7.4
  5  0.2
  5  0.2
  4 56.3
  0  7.6
  3  7.6
  4  7.6
%CPU     %MEM    
 116  0.8
PSR %CPU
  7  7.6
  7  0.3
  5  0.3
  4 53.9
  2  7.7
  3  7.7
  6  7.7
%CPU     %MEM    
 118  0.8
PSR %CPU
  6  8.0
  0  0.3
  6  0.2
  2 52.8
  4  8.0
  5  8.0
  0  8.0
%CPU     %MEM    
 119  0.8
PSR %CPU
  0  8.3
  4  0.3
  6  0.3
  1 51.8
  6  8.3
  3  8.3
  5  8.2
%CPU     %MEM    
 120  0.8
PSR %CPU
  7  8.6
  5  0.3
  0  0.3
  1 50.8
  5  8.5
  4  8.5
  2  8.4
  3  0.0
  6  0.0
  5  0.0
  1  0.0
  5  0.0
  3  0.0
%CPU     %MEM    
 120  0.8
PSR %CPU
  4  8.9
  7  0.3
  1  0.3
  6 49.9
  3  8.7
  7  8.7
  0  8.7
%CPU     %MEM    
 119  0.8
PSR %CPU
  4  9.0
  1  0.3
  4  0.3
  0 48.2
  1  8.7
  6  8.7
  3  8.7
  5  0.0
  2  0.0
  0  0.0
  7  0.0
%CPU     %MEM    
 119  0.8
PSR %CPU
  4  8.8
  1  0.3
  4  0.3
  0 49.5
  1  8.5
  6  8.5
  3  8.5
  5  0.0
  2  0.0
  0  0.0
  7  0.0
%CPU     %MEM    
 119  0.8
PSR %CPU
  4  8.7
  1  0.3
  5  0.3
  0 50.4
  3  8.4
  5  8.4
  6  8.4
%CPU     %MEM    
 119  0.8
PSR %CPU
  7  8.8
  1  0.3
  5  0.3
  1 50.6
  5  8.5
  6  8.5
  5  8.4
  4  0.0
  7  0.0
  3  0.0
  0  0.0
%CPU     %MEM    
 121  0.8
PSR %CPU
  1  9.2
  0  0.3
  2  0.3
  2 49.8
  0  8.7
  2  8.7
  5  8.7
%CPU     %MEM    
 121  0.8
PSR %CPU
  4  9.5
  7  0.3
  7  0.3
  3 49.0
  2  8.9
  4  8.9
  0  8.9
  0  0.0
  1  0.0
  6  0.0
  5  0.0
%CPU     %MEM    
 120  0.8
PSR %CPU
  0  9.5
  0  0.3
  4  0.3
  6 48.0
  2  8.8
  7  8.8
  5  8.8
  1  0.0
  6  0.0
  3  0.0
  4  0.0
%CPU     %MEM    
 120  0.8
PSR %CPU
  1  9.6
  3  0.3
  0  0.3
  6 48.0
  3  8.9
  2  8.9
  0  8.9
  7  0.0
  5  0.0
  2  0.0
  4  0.0
  4  0.0
  5  0.0
  6  0.0
  0  0.0
  4  0.0
  4  0.0
  0  0.0
%CPU     %MEM    
 121  0.8
PSR %CPU
  5  9.7
  5  0.3
  2  0.3
  6 47.8
  6  9.0
  2  9.0
  0  9.0
%CPU     %MEM    
 122  0.8
PSR %CPU
  7 10.0
  3  0.3
  3  0.3
  2 47.3
  4  9.1
  1  9.1
  0  9.1
%CPU     %MEM    
 123  0.8
PSR %CPU
  5 10.0
  0  0.3
  4  0.3
  2 47.8
  6  9.1
  1  9.1
  3  9.1
  7  0.0
  2  0.0
  0  0.0
  4  0.0
%CPU     %MEM    
 123  0.8
PSR %CPU
  1 10.1
  1  0.3
  4  0.3
  2 47.7
  0  9.1
  5  9.1
  2  9.1
  4  0.0
  6  0.0
  5  0.0
%CPU     %MEM    
 122  0.8
PSR %CPU
  1 10.2
  2  0.3
  4  0.3
  4 46.6
  2  9.1
  7  9.1
  3  9.1
%CPU     %MEM    
 123  0.8
PSR %CPU
  4 10.4
  3  0.3
  3  0.3
  2 46.2
  5  9.3
  0  9.3
  7  9.3
  6  0.0
  1  0.0
  2  0.0
  0  0.0
%CPU     %MEM    
 124  0.9
PSR %CPU
  3 10.7
  5  0.3
  5  0.3
  4 45.7
  5  9.4
  0  9.4
  6  9.4
  1  0.0
  2  0.0
  4  0.0
  7  0.0
  7  0.0
  0  0.0
  5  0.0
  6  0.0
  7  0.0
  7  0.0
  2  0.0
%CPU     %MEM    
 124  0.9
PSR %CPU
  4 10.7
  3  0.3
  1  0.3
  4 45.8
  1  9.4
  6  9.4
  0  9.4
%CPU     %MEM    
 125  0.9
PSR %CPU
  5 11.0
  7  0.3
  6  0.3
  6 45.2
  3  9.5
  4  9.5
  4  9.5
  7  0.0
  0  0.0
  2  0.0
  6  0.0
%CPU     %MEM    
 126  0.9
PSR %CPU
  1 11.0
  4  0.3
  3  0.3
  6 44.3
  4  9.4
  5  9.4
  6  9.5
  3  0.0
  2  0.0
  0  0.0
  7  0.0
%CPU     %MEM    
 125  0.9
PSR %CPU
  3 11.1
  7  0.3
  3  0.3
  6 44.1
  5  9.5
  6  9.5
  2  9.5
  1  0.0
  7  0.0
  0  0.0
  4  0.0
%CPU     %MEM    
 125  0.9
PSR %CPU
  2 11.1
  0  0.3
  3  0.3
  6 44.6
  6  9.5
  1  9.5
  4  9.5
  6  0.0
  5  0.0
  3  0.0
  7  0.0
%CPU     %MEM    
 126  0.9
PSR %CPU
  0 11.3
  4  0.4
  7  0.3
  1 44.0
  4  9.6
  7  9.6
  1  9.6
%CPU     %MEM    
 126  0.9
PSR %CPU
  5 11.4
  7  0.3
  7  0.3
  1 44.2
  0  9.6
  7  9.6
  6  9.6
  2  0.0
  1  0.0
  3  0.0
  4  0.0
%CPU     %MEM    
 126  0.9
PSR %CPU
  1 11.3
  0  0.4
  7  0.3
  2 44.9
  7  9.5
  4  9.5
  0  9.5
  3  0.0
  2  0.0
  5  0.0
  6  0.0
%CPU     %MEM    
 125  0.9
PSR %CPU
  5 11.2
  3  0.3
  0  0.3
  2 44.7
  2  9.4
  1  9.4
  0  9.4
  6  0.0
  7  0.0
  4  0.0
  3  0.0
%CPU     %MEM    
 125  0.9
PSR %CPU
  5 11.1
  3  0.3
  3  0.3
  2 45.4
  4  9.3
  2  9.3
  3  9.3
  7  0.0
  1  0.0
  6  0.0
  2  0.0
  3  0.0
  4  0.0
  3  0.0
  2  0.0
  5  0.0
  4  0.0
  5  0.0
%CPU     %MEM    
 125  0.9
PSR %CPU
  0 11.3
  4  0.3
  4  0.2
  3 45.3
  7  9.4
  5  9.4
  6  9.4
%CPU     %MEM    
 126  0.9
PSR %CPU
  4 11.4
  0  0.3
  1  0.3
  3 45.5
  2  9.4
  5  9.4
  7  9.4
  3  0.0
  0  0.0
  1  0.0
  6  0.0
%CPU     %MEM    
 126  0.9
PSR %CPU
  0 11.4
  1  0.3
  0  0.3
  3 45.9
  5  9.4
  7  9.4
  3  9.4
  2  0.0
  4  0.0
  1  0.0
  6  0.0
%CPU     %MEM    
 126  0.9
PSR %CPU
  7 11.4
  4  0.3
  1  0.2
  3 46.2
  1  9.4
  4  9.4
  2  9.4
  5  0.0
  6  0.0
  0  0.0
  3  0.0
%CPU     %MEM    
 125  0.9
PSR %CPU
  7 11.3
  6  0.3
  1  0.2
  3 45.8
  4  9.3
  5  9.3
  1  9.3
  0  0.0
  6  0.0
  2  0.0
  3  0.0
%CPU     %MEM    
 125  0.9
PSR %CPU
  4 11.3
  0  0.3
  1  0.2
  3 46.1
  3  9.3
  0  9.3
  6  9.3
  5  0.0
  2  0.0
  7  0.0
  1  0.0
%CPU     %MEM    
 125  0.9
PSR %CPU
  4 11.2
  0  0.3
  1  0.2
  3 46.9
  3  9.2
  0  9.2
  6  9.2
  5  0.0
  2  0.0
  7  0.0
  1  0.0
%CPU     %MEM    
 125  0.9
PSR %CPU
  0 11.2
  6  0.3
  1  0.2
  3 47.2
  6  9.1
  3  9.2
  3  9.2
  7  0.0
  2  0.0
  4  0.0
  1  0.0
  1  0.0
  3  0.0
  4  0.0
  6  0.0
  3  0.0
  1  0.0
  6  0.0
%CPU     %MEM    
 126  0.9
PSR %CPU
  6 11.5
  2  0.3
  3  0.3
  3 46.8
  3  9.3
  5  9.3
  0  9.3
  4  0.0
  7  0.0
  1  0.0
  2  0.0
%CPU     %MEM    
 126  0.9
PSR %CPU
  4 11.6
  3  0.3
  1  0.2
  5 46.7
  1  9.3
  3  9.3
  7  9.3
%CPU     %MEM    
 125  0.9
PSR %CPU
  0 11.7
  3  0.3
  2  0.3
  5 45.8
  6  9.3
  3  9.3
  1  9.3
%CPU     %MEM    
 125  0.9
PSR %CPU
  0 11.8
  3  0.3
  6  0.2
  5 45.6
  5  9.4
  7  9.4
  4  9.4
%CPU     %MEM    
 125  0.9
PSR %CPU
  7 11.8
  3  0.3
  6  0.3
  5 46.0
  1  9.3
  3  9.3
  2  9.4
  4  0.0
  5  0.0
  6  0.0
  0  0.0
%CPU     %MEM    
 125  0.9
PSR %CPU
  7 11.7
  3  0.3
  6  0.3
  5 46.8
  1  9.2
  3  9.2
  2  9.3
  4  0.0
  5  0.0
  6  0.0
  0  0.0
%CPU     %MEM    
 126  0.9
PSR %CPU
  4 11.7
  4  0.3
  7  0.2
  5 47.0
  7  9.2
  6  9.2
  5  9.2
  1  0.0
  0  0.0
  3  0.0
  2  0.0
%CPU     %MEM    
 126  0.9
PSR %CPU
  6 11.6
  6  0.3
  7  0.2
  5 47.0
  3  9.1
  5  9.1
  2  9.1
  0  0.0
  7  0.0
  1  0.0
  4  0.0
%CPU     %MEM    
 125  0.9
PSR %CPU
  0 11.6
  4  0.3
  1  0.2
  5 47.1
  4  9.1
  6  9.1
  7  9.1
  3  0.0
  2  0.0
  1  0.0
  5  0.0
%CPU     %MEM    
 125  0.9
PSR %CPU
  1 11.8
  4  0.3
  6  0.2
  6 46.9
  0  9.1
  4  9.1
  7  9.1
%CPU     %MEM    
 126  0.9
PSR %CPU
  4 12.0
  4  0.3
  5  0.2
  2 46.4
  7  9.2
  2  9.3
  3  9.2
%CPU     %MEM    
 126  0.9
PSR %CPU
  0 12.2
  7  0.3
  6  0.3
  2 46.1
  7  9.3
  1  9.3
  6  9.3
  5  0.0
  3  0.0
  4  0.0
  5  0.0
  4  0.0
  5  0.0
  6  0.0
  7  0.0
  5  0.0
  1  0.0
  1  0.0
%CPU     %MEM    
 126  0.9
PSR %CPU
  4 12.3
  7  0.3
  7  0.2
  3 46.1
  2  9.3
  1  9.4
  5  9.3
%CPU     %MEM    
 125  0.9
PSR %CPU
  6 12.5
  1  0.3
  7  0.3
  0 45.2
  2  9.3
  1  9.4
  5  9.3
  2  0.0
  4  0.0
  0  0.0
%CPU     %MEM    
 126  0.9
PSR %CPU
  6 12.7
  4  0.3
  0  0.3
  3 45.0
  4  9.4
  7  9.4
  5  9.4
  3  0.0
  0  0.0
  1  0.0
  2  0.0
%CPU     %MEM    
 126  0.9
PSR %CPU
  3 12.6
  6  0.3
  1  0.3
  1 45.5
  7  9.4
  6  9.4
  4  9.4
  0  0.0
  1  0.0
  2  0.0
  7  0.0
%CPU     %MEM    
 126  0.9
PSR %CPU
  7 12.8
  0  0.3
  1  0.3
  2 45.1
  6  9.5
  4  9.5
  1  9.4
  7  0.0
  5  0.0
  2  0.0
  3  0.0
%CPU     %MEM    
 126  0.9
PSR %CPU
  5 12.9
  2  0.3
  0  0.3
  2 45.3
  1  9.5
  6  9.5
  2  9.4
  1  0.0
  4  0.0
  0  0.0
  3  0.0
%CPU     %MEM    
 127  1.0
PSR %CPU
  2 13.1
  0  0.3
  1  0.3
  3 45.0
  1  9.6
  6  9.6
  3  9.5
  5  0.0
  0  0.0
  7  0.0
  4  0.0
%CPU     %MEM    
 126  0.9
PSR %CPU
  5 13.2
  0  0.3
  2  0.3
  4 44.4
  3  9.5
  1  9.5
  4  9.5
  0  0.0
  7  0.0
  2  0.0
  1  0.0
%CPU     %MEM    
 127  0.9
PSR %CPU
  1 13.5
  4  0.3
  6  0.2
  4 44.0
  2  9.6
  3  9.6
  6  9.6
  5  0.0
  4  0.0
  5  0.0
  0  0.0
%CPU     %MEM    
 127  1.0
PSR %CPU
  2 13.8
  4  0.3
  2  0.3
  4 43.7
  0  9.8
  5  9.8
  7  9.7
%CPU     %MEM    
 128  1.0
PSR %CPU
  5 14.1
  7  0.3
  1  0.3
  4 43.3
  0  9.9
  2  9.9
  7  9.8
  1  0.0
  1  0.0
  3  0.0
  4  0.0
%CPU     %MEM    
 129  1.0
PSR %CPU
  4 14.3
  3  0.3
  1  0.3
  1 43.0
  5 10.0
  0 10.0
  0  9.9
  1  0.0
  3  0.0
  7  0.0
  2  0.0
%CPU     %MEM    
 129  1.0
PSR %CPU
  0 14.4
  4  0.3
  2  0.3
  2 42.5
  1  9.9
  3  9.9
  7  9.9
%CPU     %MEM    
 128  1.0
PSR %CPU
  5 14.6
  7  0.3
  4  0.3
  3 42.4
  3 10.0
  6 10.0
  1  9.9
  2  0.0
  4  0.0
  7  0.0
  0  0.0
%CPU     %MEM    
 128  1.0
PSR %CPU
  2 14.5
  1  0.3
  5  0.3
  3 42.9
  0  9.9
  6  9.9
  3  9.9
%CPU     %MEM    
 129  1.0
PSR %CPU
  7 14.7
  5  0.3
  3  0.3
  3 43.0
  1 10.0
  4 10.0
  3  9.9
  6  0.0
  3  0.0
  5  0.0
  2  0.0
%CPU     %MEM    
 129  1.0
PSR %CPU
  7 14.7
  7  0.3
  4  0.3
  6 43.1
  0 10.0
  6 10.0
  3  9.9
  5  0.0
  1  0.0
  2  0.0
  4  0.0
%CPU     %MEM    
 129  1.0
PSR %CPU
  3 14.8
  4  0.3
  4  0.3
  1 43.2
  4 10.0
  5 10.0
  1  9.9
%CPU     %MEM    
 128  1.0
PSR %CPU
  6 14.7
  4  0.3
  4  0.3
  1 43.2
  7  9.8
  5  9.8
  0  9.8
  2  0.0
  3  0.0
  1  0.0
  4  0.0
%CPU     %MEM    
 128  1.0
PSR %CPU
  2 14.7
  7  0.3
  4  0.3
  3 43.4
  7  9.8
  6  9.8
  4  9.8
%CPU     %MEM    
 128  1.0
PSR %CPU
  3 14.7
  7  0.3
  0  0.3
  3 43.6
  4  9.8
  7  9.8
  0  9.7
  5  0.0
  7  0.0
  1  0.0
  6  0.0
%CPU     %MEM    
 128  1.0
PSR %CPU
  6 14.7
  1  0.3
  7  0.3
  4 43.8
  5  9.8
  7  9.8
  1  9.7
%CPU     %MEM    
 128  1.0
PSR %CPU
  0 14.8
  3  0.3
  7  0.3
  4 43.9
  7  9.8
  2  9.8
  1  9.7
  4  0.0
  4  0.0
  3  0.0
  6  0.0
%CPU     %MEM    
 129  1.0
PSR %CPU
  6 15.1
  3  0.3
  7  0.3
  5 43.6
  5  9.9
  7  9.9
  3  9.8
%CPU     %MEM    
 128  1.0
PSR %CPU
  4 15.2
  3  0.3
  7  0.3
  5 42.9
  0  9.9
  3  9.8
  1  9.8
  6  0.0
  2  0.0
  7  0.0
  0  0.0
%CPU     %MEM    
 128  1.0
PSR %CPU
  5 15.2
  3  0.3
  7  0.3
  6 43.1
  3  9.9
  6  9.8
  2  9.8
%CPU     %MEM    
 129  1.0
PSR %CPU
  2 15.4
  7  0.3
  2  0.3
  0 42.8
  0  9.9
  5  9.9
  6  9.8
  7  0.0
  6  0.0
  1  0.0
  4  0.0
%CPU     %MEM    
 129  1.0
PSR %CPU
  6 15.4
  7  0.3
  3  0.3
  0 43.1
  2  9.9
  3  9.9
  5  9.8
  0  0.0
  7  0.0
  1  0.0
  4  0.0
%CPU     %MEM    
 129  1.0
PSR %CPU
  3 15.5
  7  0.3
  4  0.3
  0 43.2
  5  9.9
  6  9.8
  0  9.8
  4  0.0
  1  0.0
  7  0.0
  6  0.0
  0  0.0
  6  0.0
  7  0.0
  5  0.0
  6  0.0
  0  0.0
  5  0.0
%CPU     %MEM    
 129  1.0
PSR %CPU
  7 15.7
  5  0.3
  4  0.3
  0 42.9
  6  9.9
  0  9.9
  5  9.8
  6  0.0
  1  0.0
  4  0.0
  2  0.0
%CPU     %MEM    
 128  1.0
PSR %CPU
  3 15.8
  1  0.3
  5  0.3
  2 42.3
  4  9.9
  2  9.9
  1  9.8
%CPU     %MEM    
 129  1.0
PSR %CPU
  7 16.0
  3  0.3
  5  0.3
  3 42.0
  1 10.0
  2  9.9
  4  9.9
%CPU     %MEM    
 129  1.0
PSR %CPU
  3 16.2
  6  0.3
  7  0.3
  0 41.7
  7 10.0
  2 10.0
  4  9.9
%CPU     %MEM    
 129  1.0
PSR %CPU
  2 16.4
  3  0.3
  4  0.3
  3 41.4
  4 10.0
  1 10.0
  6 10.0
%CPU     %MEM    
 130  1.0
PSR %CPU
  2 16.7
  6  0.3
  5  0.3
  5 41.2
  0 10.1
  5 10.1
  1 10.0
%CPU     %MEM    
 129  1.0
PSR %CPU
  1 16.8
  7  0.3
  6  0.3
  6 40.6
  4 10.1
  7 10.1
  7 10.0
  3  0.0
  0  0.0
  5  0.0
  6  0.0
  1  0.0
  4  0.0
  6  0.0
  7  0.0
  4  0.0
  6  0.0
  6  0.0
%CPU     %MEM    
 129  1.0
PSR %CPU
  1 17.0
  7  0.3
  2  0.3
  6 40.3
  2 10.2
  7 10.1
  0 10.1
%CPU     %MEM    
 130  1.0
PSR %CPU
  2 17.3
  5  0.3
  5  0.3
  1 40.1
  7 10.2
  4 10.2
  5 10.1
%CPU     %MEM    
 130  1.0
PSR %CPU
  7 17.5
  0  0.3
  6  0.3
  3 39.8
  3 10.3
  4 10.3
  6 10.2
  1  0.0
  2  0.0
  0  0.0
  3  0.0
%CPU     %MEM    
 130  1.0
PSR %CPU
  1 17.7
  5  0.3
  0  0.3
  1 39.6
  6 10.3
  4 10.3
  2 10.2
  2  0.0
  3  0.0
  5  0.0
  7  0.0
%CPU     %MEM    
 131  1.0
PSR %CPU
  7 18.0
  0  0.3
  1  0.3
  2 39.3
  6 10.4
  1 10.4
  4 10.3
%CPU     %MEM    
 130  1.0
PSR %CPU
  5 18.1
  1  0.3
  4  0.3
  3 38.9
  7 10.4
  0 10.3
  2 10.3
  3  0.0
  4  0.0
  6  0.0
  1  0.0
%CPU     %MEM    
 130  1.0
PSR %CPU
  0 18.1
  2  0.3
  5  0.3
  4 39.0
  2 10.3
  6 10.3
  7 10.3
  4  0.0
  1  0.0
  4  0.0
  3  0.0
%CPU     %MEM    
 130  1.0
PSR %CPU
  3 18.2
  5  0.3
  3  0.3
  1 39.0
  6 10.4
  7 10.3
  5 10.3
  1  0.0
  0  0.0
  2  0.0
  4  0.0
%CPU     %MEM    
 130  1.0
PSR %CPU
  1 18.2
  5  0.3
  3  0.3
  2 39.4
  3 10.3
  6 10.3
  0 10.2
  7  0.0
  2  0.0
  4  0.0
  5  0.0
%CPU     %MEM    
 131  1.0
PSR %CPU
  1 18.2
  7  0.3
  1  0.3
  2 39.6
  2 10.3
  7 10.3
  4 10.2
  0  0.0
  3  0.0
  5  0.0
  6  0.0
%CPU     %MEM    
 131  1.0
PSR %CPU
  5 18.2
  7  0.3
  1  0.3
  2 39.9
  7 10.3
  0 10.3
  3 10.2
  6  0.0
  4  0.0
  2  0.0
  1  0.0
%CPU     %MEM    
 130  1.0
PSR %CPU
  5 18.0
  7  0.3
  1  0.3
  2 40.1
  7 10.1
  0 10.1
  3 10.1
  6  0.0
  4  0.0
  2  0.0
  1  0.0
%CPU     %MEM    
 130  1.0
PSR %CPU
  5 18.0
  1  0.3
  3  0.3
  2 40.2
  0 10.1
  2 10.1
  4 10.1
%CPU     %MEM    
 130  1.0
PSR %CPU
  2 18.0
  2  0.3
  4  0.3
  3 40.5
  3 10.1
  5 10.1
  0 10.0
  4  0.0
  1  0.0
  6  0.0
  7  0.0
%CPU     %MEM    
 130  1.0
PSR %CPU
  0 18.1
  2  0.3
  4  0.3
  3 40.6
  5 10.1
  7 10.1
  6 10.0
%CPU     %MEM    
 130  1.0
PSR %CPU
  3 18.3
  6  0.3
  0  0.3
  4 40.4
  7 10.2
  4 10.1
  5 10.1
%CPU     %MEM    
 130  1.0
PSR %CPU
  4 18.4
  6  0.3
  2  0.3
  5 39.9
  2 10.1
  3 10.1
  7 10.1
  6  0.0
  1  0.0
  0  0.0
  0  0.0
%CPU     %MEM    
 130  1.0
PSR %CPU
  7 18.4
  1  0.3
  0  0.3
  6 40.2
  3 10.1
  5 10.1
  2 10.0
  0  0.0
  1  0.0
  4  0.0
  6  0.0
%CPU     %MEM    
 130  1.0
PSR %CPU
  7 18.3
  1  0.3
  0  0.3
  6 40.7
  3 10.1
  5 10.0
  2 10.0
  0  0.0
  1  0.0
  4  0.0
  6  0.0
%CPU     %MEM    
 130  1.0
PSR %CPU
  5 18.3
  1  0.3
  0  0.3
  6 40.9
  0 10.0
  6 10.0
  7  9.9
  2  0.0
  4  0.0
  1  0.0
  6  0.0
  0  0.0
  7  0.0
  4  0.0
  6  0.0
  5  0.0
  0  0.0
  5  0.0
%CPU     %MEM    
 130  1.0
PSR %CPU
  0 18.5
  5  0.3
  6  0.3
  1 40.8
  7 10.1
  6 10.0
  1 10.0
%CPU     %MEM    
 130  1.0
PSR %CPU
  2 18.6
  5  0.3
  4  0.3
  3 40.6
  5 10.1
  6 10.1
  4 10.0
  0  0.0
  7  0.0
  1  0.0
  3  0.0
%CPU     %MEM    
 130  1.0
PSR %CPU
  0 18.5
  3  0.3
  5  0.3
  4 40.7
  7 10.0
  1 10.0
  3  9.9
  2  0.0
  5  0.0
  6  0.0
  4  0.0
%CPU     %MEM    
 130  1.0
PSR %CPU
  2 18.7
  3  0.3
  3  0.3
  5 40.5
  6 10.0
  0 10.0
  3  9.9
  1  0.0
  4  0.0
  5  0.0
  6  0.0
%CPU     %MEM    
 130  1.0
PSR %CPU
  1 18.9
  0  0.3
  7  0.3
  6 40.3
  3 10.1
  0 10.1
  5 10.0
  2  0.0
  5  0.0
  7  0.0
  4  0.0
%CPU     %MEM    
 130  1.0
PSR %CPU
  6 19.0
  6  0.3
  4  0.3
  2 40.2
  3 10.1
  5 10.1
  1 10.0
%CPU     %MEM    
 131  1.0
PSR %CPU
  3 19.2
  4  0.3
  3  0.3
  3 40.0
  7 10.1
  1 10.1
  6 10.1
%CPU     %MEM    
 131  1.0
PSR %CPU
  0 19.4
  5  0.3
  2  0.3
  1 39.9
  7 10.2
  4 10.1
  5 10.1
  1  0.0
  3  0.0
  2  0.0
  6  0.0
%CPU     %MEM    
 130  1.0
PSR %CPU
  0 19.3
  6  0.3
  5  0.3
  1 39.8
  1 10.1
  4 10.1
  3 10.0
  2  0.0
  6  0.0
  5  0.0
  7  0.0
%CPU     %MEM    
 130  1.0
PSR %CPU
  3 19.5
  6  0.3
  2  0.3
  1 39.7
  4 10.1
  5 10.1
  2 10.0
  0  0.0
  1  0.0
  6  0.0
  7  0.0
%CPU     %MEM    
 131  1.0
PSR %CPU
  3 19.7
  6  0.3
  2  0.3
  4 39.5
  0 10.2
  6 10.1
  5 10.1
  2  0.0
  4  0.0
  1  0.0
  7  0.0
%CPU     %MEM    
 131  1.0
PSR %CPU
  7 19.9
  6  0.3
  3  0.3
  0 39.3
  0 10.2
  5 10.2
  3 10.1
%CPU     %MEM    
 131  1.0
PSR %CPU
  3 20.1
  7  0.3
  3  0.3
  3 39.0
  7 10.3
  7 10.2
  5 10.2
  6  0.0
  4  0.0
  2  0.0
  0  0.0
%CPU     %MEM    
 131  1.0
PSR %CPU
  2 20.2
  1  0.3
  4  0.3
  4 38.6
  4 10.2
  5 10.2
  1 10.1
  0  0.0
  6  0.0
  3  0.0
  6  0.0
%CPU     %MEM    
 131  1.0
PSR %CPU
  4 20.4
  2  0.3
  0  0.3
  6 38.4
  6 10.3
  4 10.2
  2 10.2
  3  0.0
  5  0.0
  7  0.0
  1  0.0
  3  0.0
  0  0.0
  5  0.0
  3  0.0
  3  0.0
  7  0.0
  7  0.0
%CPU     %MEM    
 131  1.0
PSR %CPU
  4 20.6
  2  0.3
  6  0.3
  0 38.2
  5 10.3
  0 10.3
  1 10.2
%CPU     %MEM    
 132  1.0
PSR %CPU
  6 20.8
  7  0.3
  7  0.3
  0 38.0
  3 10.3
  5 10.3
  4 10.2
  1  0.0
  7  0.0
  2  0.0
  3  0.0
  4  0.0
  5  0.0
  3  0.0
  4  0.0
  5  0.0
  3  0.0
  4  0.0
%CPU     %MEM    
 132  1.0
PSR %CPU
  0 21.0
  0  0.3
  3  0.3
  0 37.8
  5 10.4
  0 10.3
  2 10.3
%CPU     %MEM    
 132  1.0
PSR %CPU
  0 21.2
  3  0.3
  0  0.3
  2 37.7
  7 10.4
  6 10.4
  2 10.3
%CPU     %MEM    
 132  1.0
PSR %CPU
  0 21.3
  5  0.3
  6  0.3
  3 37.3
  4 10.4
  7 10.4
  5 10.3
%CPU     %MEM    
 132  1.0
PSR %CPU
  2 21.5
  5  0.3
  7  0.3
  0 37.1
  3 10.4
  7 10.4
  4 10.3
  1  0.0
  3  0.0
  0  0.0
  5  0.0
%CPU     %MEM    
 132  1.0
PSR %CPU
  3 21.7
  6  0.3
  4  0.3
  2 36.9
  0 10.5
  7 10.4
  2 10.4
  5  0.0
  4  0.0
  7  0.0
  1  0.0
%CPU     %MEM    
 132  1.1
PSR %CPU
  1 21.9
  7  0.3
  5  0.3
  4 36.7
  3 10.5
  2 10.5
  5 10.4
  4  0.0
  6  0.0
  5  0.0
  7  0.0
%CPU     %MEM    
 133  1.1
PSR %CPU
  2 22.1
  3  0.3
  2  0.3
  4 36.6
  1 10.5
  3 10.5
  4 10.4
%CPU     %MEM    
 133  1.1
PSR %CPU
  2 22.3
  7  0.3
  4  0.3
  4 36.4
  5 10.6
  0 10.5
  7 10.5
%CPU     %MEM    
 132  1.1
PSR %CPU
  2 22.3
  1  0.3
  3  0.3
  3 36.0
  6 10.5
  5 10.5
  4 10.4
  6  0.0
  1  0.0
  3  0.0
  0  0.0
%CPU     %MEM    
 133  1.1
PSR %CPU
  4 22.5
  1  0.3
  4  0.3
  2 35.9
  7 10.6
  1 10.5
  5 10.5
  1  0.0
  6  0.0
  2  0.0
  0  0.0
%CPU     %MEM    
 133  1.1
PSR %CPU
  7 22.7
  0  0.3
  2  0.3
  2 35.7
  1 10.6
  3 10.6
  0 10.5
  2  0.0
  4  0.0
  5  0.0
  3  0.0
%CPU     %MEM    
 133  1.0
PSR %CPU
  2 22.9
  3  0.3
  1  0.3
  2 35.5
  5 10.6
  4 10.6
  6 10.5
  0  0.0
  7  0.0
  6  0.0
  1  0.0
%CPU     %MEM    
 133  1.1
PSR %CPU
  4 23.1
  3  0.3
  1  0.3
  6 35.3
  7 10.7
  3 10.6
  0 10.6
  7  0.0
  6  0.0
  2  0.0
  1  0.0
  1  0.0
  7  0.0
%CPU     %MEM    
 133  1.1
PSR %CPU
  5 23.1
  6  0.3
  1  0.3
  1 35.0
  0 10.6
  6 10.6
  7 10.5
  1  0.0
  4  0.0
  2  0.0
  3  0.0
%CPU     %MEM    
 133  1.1
PSR %CPU
  0 23.3
  7  0.3
  0  0.3
  1 34.9
  2 10.6
  5 10.6
  6 10.6
%CPU     %MEM    
 133  1.1
PSR %CPU
  5 23.4
  7  0.3
  0  0.3
  2 34.7
  0 10.7
  6 10.6
  3 10.6
%CPU     %MEM    
 133  1.0
PSR %CPU
  2 23.6
  1  0.3
  1  0.3
  5 34.5
  1 10.7
  6 10.7
  7 10.6
%CPU     %MEM    
 133  1.1
PSR %CPU
  2 23.8
  4  0.3
  4  0.3
  2 34.4
  7 10.7
  1 10.7
  4 10.6
%CPU     %MEM    
 133  1.0
PSR %CPU
  0 24.0
  7  0.3
  2  0.3
  0 34.2
  4 10.7
  2 10.7
  6 10.7
%CPU     %MEM    
 133  1.1
PSR %CPU
  2 24.0
  6  0.3
  0  0.3
  3 33.9
  5 10.7
  3 10.7
  4 10.6
  1  0.0
  0  0.0
  7  0.0
  6  0.0
%CPU     %MEM    
 133  1.1
PSR %CPU
  5 24.1
  7  0.3
  2  0.3
  3 33.8
  4 10.7
  6 10.7
  7 10.6
  2  0.0
  0  0.0
  1  0.0
  6  0.0
  1  0.0
  4  0.0
  6  0.0
  7  0.0
  6  0.0
  6  0.0
  3  0.0
%CPU     %MEM    
 133  1.1
PSR %CPU
  1 24.3
  2  0.3
  7  0.3
  4 33.6
  5 10.7
  5 10.7
  7 10.7
  0  0.0
  3  0.0
  4  0.0
  2  0.0
%CPU     %MEM    
 133  1.1
PSR %CPU
  5 24.4
  7  0.3
  4  0.3
  6 33.5
  7 10.8
  2 10.7
  0 10.7
  6  0.0
  4  0.0
  3  0.0
  1  0.0
%CPU     %MEM    
 134  1.1
PSR %CPU
  6 24.6
  1  0.3
  5  0.3
  2 33.3
  0 10.8
  5 10.7
  4 10.7
%CPU     %MEM    
 134  1.1
PSR %CPU
  1 24.8
  1  0.3
  3  0.3
  5 33.2
  6 10.8
  5 10.8
  3 10.7
  2  0.0
  7  0.0
  0  0.0
  4  0.0
%CPU     %MEM    
 133  1.1
PSR %CPU
  6 24.8
  2  0.3
  3  0.3
  5 32.9
  2 10.8
  5 10.7
  0 10.7
%CPU     %MEM    
 133  1.1
PSR %CPU
  0 25.0
  4  0.3
  6  0.3
  5 32.8
  3 10.8
  4 10.8
  2 10.7
  6  0.0
  5  0.0
  4  0.0
  7  0.0
%CPU     %MEM    
 133  1.1
PSR %CPU
  5 25.1
  4  0.3
  2  0.3
  0 32.6
  3 10.8
  4 10.8
  0 10.7
%CPU     %MEM    
 134  1.1
PSR %CPU
  4 25.3
  0  0.3
  0  0.3
  3 32.5
  3 10.8
  5 10.8
  2 10.8
%CPU     %MEM    
 134  1.1
PSR %CPU
  3 25.4
  1  0.3
  1  0.3
  5 32.4
  6 10.8
  0 10.8
  3 10.8
%CPU     %MEM    
 133  1.1
PSR %CPU
  3 25.5
  4  0.3
  6  0.3
  5 32.1
  6 10.8
  2 10.8
  4 10.7
  0  0.0
  1  0.0
  7  0.0
  5  0.0
%CPU     %MEM    
 133  1.1
PSR %CPU
  3 25.6
  5  0.3
  5  0.3
  5 31.9
  2 10.8
  1 10.8
  4 10.8
  5  0.0
  0  0.0
  6  0.0
  7  0.0
%CPU     %MEM    
 134  1.1
PSR %CPU
  6 25.8
  5  0.3
  5  0.3
  1 31.8
  2 10.8
  1 10.8
  7 10.8
%CPU     %MEM    
 134  1.1
PSR %CPU
  6 26.0
  3  0.3
  5  0.3
  3 31.7
  1 10.9
  0 10.8
  7 10.8
  3  0.0
  5  0.0
  2  0.0
  4  0.0
%CPU     %MEM    
 134  1.1
PSR %CPU
  3 26.1
  5  0.3
  6  0.3
  5 31.6
  6 10.9
  4 10.8
  5 10.8
%CPU     %MEM    
 134  1.1
PSR %CPU
  6 26.2
  7  0.3
  7  0.3
  0 31.4
  7 10.9
  5 10.9
  0 10.8
  3  0.0
  2  0.0
  1  0.0
  4  0.0
%CPU     %MEM    
 133  1.1
PSR %CPU
  7 26.2
  5  0.3
  3  0.3
  2 31.2
  7 10.9
  0 10.8
  5 10.8
  4  0.0
  6  0.0
  2  0.0
  3  0.0
%CPU     %MEM    
 134  1.1
PSR %CPU
  4 26.4
  1  0.3
  4  0.3
  2 31.0
  0 10.9
  6 10.8
  7 10.8
  2  0.0
  5  0.0
  3  0.0
  1  0.0
%CPU     %MEM    
 134  1.1
PSR %CPU
  4 26.5
  3  0.3
  3  0.3
  4 30.9
  7 10.9
  5 10.8
  4 10.8
  1  0.0
  2  0.0
  0  0.0
  6  0.0
  4  0.0
  7  0.0
  5  0.0
%CPU     %MEM    
 134  1.1
PSR %CPU
  7 26.6
  4  0.3
  6  0.3
  4 30.8
  1 10.9
  0 10.8
  3 10.8
%CPU     %MEM    
 134  1.1
PSR %CPU
  1 26.8
  4  0.3
  6  0.3
  6 30.6
  6 10.9
  3 10.9
  0 10.8
  4  0.0
  7  0.0
  2  0.0
  5  0.0
%CPU     %MEM    
 134  1.1
PSR %CPU
  5 27.0
  6  0.3
  3  0.3
  6 30.5
  2 10.9
  3 10.9
  4 10.9
%CPU     %MEM    
 134  1.1
PSR %CPU
  0 27.0
  2  0.3
  0  0.3
  6 30.3
  4 10.9
  5 10.8
  2 10.8
%CPU     %MEM    
 134  1.1
PSR %CPU
  6 27.2
  5  0.3
  2  0.3
  2 30.2
  1 10.9
  3 10.9
  4 10.9
  7  0.0
  5  0.0
  0  0.0
  2  0.0
%CPU     %MEM    
 134  1.1
PSR %CPU
  5 27.4
  6  0.3
  5  0.3
  3 30.0
  6 11.0
  7 10.9
  2 10.9
%CPU     %MEM    
 134  1.1
PSR %CPU
  5 27.5
  4  0.3
  0  0.3
  5 29.9
  2 11.0
  6 10.9
  7 10.9
  4  0.0
  0  0.0
  3  0.0
  1  0.0
%CPU     %MEM    
 134  1.1
PSR %CPU
  0 27.6
  5  0.3
  6  0.3
  0 29.8
  5 11.0
  7 10.9
  2 10.9
  3  0.0
  6  0.0
  4  0.0
  2  0.0
  5  0.0
  7  0.0
  4  0.0
  2  0.0
  5  0.0
  5  0.0
  2  0.0
%CPU     %MEM    
 134  1.1
PSR %CPU
  0 27.7
  5  0.3
  2  0.3
  2 29.6
  2 10.9
  1 10.9
  6 10.9
  2  0.0
  5  0.0
  7  0.0
  3  0.0
%CPU     %MEM    
 134  1.1
PSR %CPU
  6 27.8
  0  0.3
  3  0.3
  2 29.5
  1 11.0
  3 10.9
  4 10.9
  5  0.0
  0  0.0
  2  0.0
  3  0.0
  1  0.0
  2  0.0
  3  0.0
  4  0.0
  1  0.0
  3  0.0
  4  0.0
%CPU     %MEM    
 134  1.1
PSR %CPU
  4 27.9
  0  0.3
  3  0.3
  2 29.3
  0 11.0
  3 10.9
  1 10.9
%CPU     %MEM    
 134  1.1
PSR %CPU
  4 28.1
  1  0.3
  5  0.3
  5 29.2
  0 11.0
  1 10.9
  7 10.9
%CPU     %MEM    
 134  1.1
PSR %CPU
  1 28.2
  2  0.3
  5  0.3
  5 29.1
  2 11.0
  7 10.9
  0 10.9
%CPU     %MEM    
 134  1.1
PSR %CPU
  0 28.4
  2  0.3
  1  0.3
  5 29.0
  4 11.0
  3 10.9
  0 10.9
  1  0.0
  2  0.0
  6  0.0
  7  0.0
  0  0.0
  1  0.0
  2  0.0
  4  0.0
%CPU     %MEM    
 134  1.1
PSR %CPU
  0 28.4
  0  0.3
  1  0.3
  6 28.8
  2 11.0
  7 10.9
  4 10.9
  4  0.0
  5  0.0
  6  0.0
  3  0.0
%CPU     %MEM    
 134  1.1
PSR %CPU
  4 28.5
  0  0.3
  3  0.3
  1 28.7
  0 11.0
  1 10.9
  2 10.9
%CPU     %MEM    
 134  1.1
PSR %CPU
  3 28.6
  1  0.3
  4  0.3
  2 28.6
  6 11.0
  5 10.9
  0 10.9
  4  0.0
  1  0.0
  2  0.0
  7  0.0
%CPU     %MEM    
 134  1.1
PSR %CPU
  4 28.8
  1  0.3
  4  0.3
  2 28.5
  1 11.0
  3 10.9
  7 10.9
%CPU     %MEM    
 134  1.1
PSR %CPU
  5 28.9
  1  0.3
  6  0.3
  2 28.4
  0 11.0
  3 10.9
  2 10.9
%CPU     %MEM    
 134  1.1
PSR %CPU
  1 29.0
  2  0.3
  0  0.3
  4 28.2
  4 11.0
  6 11.0
  5 11.0
%CPU     %MEM    
 134  1.1
PSR %CPU
  3 29.0
  1  0.3
  3  0.3
  4 28.0
  6 11.0
  1 10.9
  4 10.9
%CPU     %MEM    
 134  1.1
PSR %CPU
  2 29.2
  1  0.3
  5  0.3
  5 27.9
  6 11.0
  7 10.9
  4 10.9
%CPU     %MEM    
 134  1.1
PSR %CPU
  2 29.3
  1  0.3
  4  0.3
  6 27.8
  5 11.0
  3 11.0
  6 10.9
%CPU     %MEM    
 134  1.1
PSR %CPU
  4 29.5
  0  0.3
  5  0.3
  6 27.7
  3 11.0
  0 11.0
  7 11.0
%CPU     %MEM    
 134  1.1
PSR %CPU
  6 29.6
  0  0.3
  2  0.3
  2 27.6
  7 11.0
  1 11.0
  0 11.0
%CPU     %MEM    
 134  1.1
PSR %CPU
  0 29.6
  1  0.3
  4  0.3
  1 27.4
  4 11.0
  7 10.9
  5 10.9
%CPU     %MEM    
 134  1.1
PSR %CPU
  7 29.7
  2  0.3
  6  0.3
  2 27.3
  5 11.0
  6 11.0
  4 11.0
  1  0.0
  1  0.0
  0  0.0
  2  0.0
%CPU     %MEM    
 134  1.1
PSR %CPU
  6 29.9
  5  0.3
  4  0.3
  2 27.2
  0 11.0
  7 11.0
  4 11.0
%CPU     %MEM    
 134  1.1
PSR %CPU
  0 30.0
  5  0.3
  4  0.3
  2 27.1
  6 11.0
  4 11.0
  3 11.0
  2  0.0
  7  0.0
  4  0.0
  5  0.0
%CPU     %MEM    
 134  1.1
PSR %CPU
  5 30.1
  6  0.3
  4  0.3
  1 27.1
  1 11.0
  2 11.0
  4 11.0
%CPU     %MEM    
 135  1.1
PSR %CPU
  4 30.3
  4  0.3
  5  0.3
  3 27.0
  2 11.1
  7 11.0
  5 11.0
  3  0.0
  0  0.0
  1  0.0
  6  0.0
%CPU     %MEM    
 134  1.1
PSR %CPU
  7 30.3
  5  0.3
  0  0.3
  3 26.8
  2 11.0
  5 11.0
  3 11.0
  6  0.0
  4  0.0
  1  0.0
  0  0.0
%CPU     %MEM    
 134  1.1
PSR %CPU
  1 30.5
  4  0.3
  2  0.3
  3 26.7
  6 11.0
  0 11.0
  7 11.0
  2  0.0
  3  0.0
  1  0.0
  5  0.0
  0  0.0
  6  0.0
  3  0.0
%CPU     %MEM    
 134  1.1
PSR %CPU
  5 30.6
  4  0.3
  3  0.3
  4 26.6
  4 11.0
  7 11.0
  3 11.0
  0  0.0
  3  0.0
  1  0.0
%CPU     %MEM    
 135  1.1
PSR %CPU
  5 30.7
  0  0.3
  3  0.3
  4 26.5
  4 11.1
  6 11.0
  7 11.0
  2  0.0
  0  0.0
  1  0.0
  3  0.0
%CPU     %MEM    
 135  1.1
PSR %CPU
  6 30.8
  0  0.3
  4  0.3
  4 26.4
  2 11.1
  4 11.0
  5 11.0
%CPU     %MEM    
 135  1.1
PSR %CPU
  1 31.0
  2  0.3
  5  0.3
  5 26.3
  4 11.1
  3 11.0
  5 11.0
  7  0.0
  0  0.0
  3  0.0
  6  0.0
  1  0.0
  3  0.0
  1  0.0
  3  0.0
  1  0.0
  3  0.0
  3  0.0
%CPU     %MEM    
 134  1.1
PSR %CPU
  3 31.0
  1  0.3
  5  0.3
  5 26.1
  5 11.0
  2 11.0
  0 11.0
  7  0.0
  1  0.0
  6  0.0
  4  0.0
%CPU     %MEM    
 134  1.1
PSR %CPU
  4 31.1
  1  0.3
  5  0.3
  5 26.0
  2 11.1
  6 11.0
  3 11.0
%CPU     %MEM    
 135  1.1
PSR %CPU
  2 31.2
  4  0.3
  6  0.3
  5 26.0
  4 11.1
  5 11.0
  0 11.0
%CPU     %MEM    
 135  1.1
PSR %CPU
  3 31.3
  0  0.3
  0  0.3
  5 25.9
  6 11.1
  1 11.0
  0 11.0
  2  0.0
  5  0.0
  4  0.0
  7  0.0
%CPU     %MEM    
 135  1.1
PSR %CPU
  6 31.4
  2  0.3
  0  0.3
  5 25.8
  0 11.1
  1 11.0
  2 11.0
%CPU     %MEM    
 134  1.1
PSR %CPU
  0 31.4
  3  0.3
  1  0.3
  5 25.6
  6 11.0
  1 11.0
  4 11.0
  5  0.0
  3  0.0
  7  0.0
  4  0.0
%CPU     %MEM    
 134  1.1
PSR %CPU
  1 31.6
  3  0.3
  2  0.3
  0 25.5
  2 11.0
  4 11.0
  5 11.0
  5  0.0
  0  0.0
  7  0.0
  6  0.0
%CPU     %MEM    
 135  1.1
PSR %CPU
  4 31.7
  5  0.3
  2  0.3
  1 25.4
  1 11.1
  3 11.0
  6 11.0
%CPU     %MEM    
 135  1.1
PSR %CPU
  2 31.8
  3  0.3
  5  0.3
  1 25.3
  4 11.1
  1 11.0
  5 11.0
  7  0.0
  0  0.0
  6  0.0
  6  0.0
%CPU     %MEM    
 135  1.1
PSR %CPU
  7 32.0
  4  0.3
  1  0.3
  2 25.3
  0 11.1
  1 11.0
  3 11.0
  0  0.0
  6  0.0
  2  0.0
  5  0.0
%CPU     %MEM    
 135  1.1
PSR %CPU
  6 32.1
  1  0.3
  4  0.3
  4 25.2
  7 11.1
  4 11.1
  2 11.0
  5  0.0
  2  0.0
  1  0.0
  3  0.0
%CPU     %MEM    
 135  1.1
PSR %CPU
  4 32.1
  5  0.3
  5  0.3
  5 25.0
  2 11.1
  3 11.0
  5 11.0
%CPU     %MEM    
 135  1.1
PSR %CPU
  2 32.2
  7  0.3
  4  0.3
  3 24.9
  7 11.1
  5 11.0
  3 11.0
  1  0.0
  3  0.0
  4  0.0
  0  0.0
%CPU     %MEM    
 135  1.2
PSR %CPU
  0 32.4
  1  0.3
  5  0.3
  4 24.9
  2 11.1
  3 11.0
  1 11.0
%CPU     %MEM    
 135  1.2
PSR %CPU
  5 32.5
  6  0.3
  3  0.3
  0 24.8
  0 11.1
  1 11.1
  6 11.0
%CPU     %MEM    
 135  1.2
PSR %CPU
  3 32.6
  6  0.3
  5  0.3
  2 24.7
  4 11.1
  2 11.1
  7 11.1
  7  0.0
  6  0.0
  0  0.0
  1  0.0
%CPU     %MEM    
 135  1.2
PSR %CPU
  0 32.7
  6  0.3
  6  0.3
  3 24.6
  7 11.1
  6 11.1
  3 11.1
  5  0.0
  7  0.0
  4  0.0
  5  0.0
  1  0.0
  3  0.0
  5  0.0
  5  0.0
  6  0.0
  5  0.0
  6  0.0
%CPU     %MEM    
 135  1.1
PSR %CPU
  7 32.7
  0  0.3
  0  0.3
  4 24.5
  2 11.1
  1 11.0
  6 11.0
  4  0.0
  2  0.0
  3  0.0
  0  0.0
  3  0.0
  6  0.0
  0  0.0
  1  0.0
  6  0.0
  0  0.0
  1  0.0
%CPU     %MEM    
 135  1.1
PSR %CPU
  1 32.9
  3  0.3
  2  0.3
  4 24.4
  4 11.1
  6 11.1
  3 11.0
  2  0.0
  0  0.0
  7  0.0
  5  0.0
%CPU     %MEM    
 135  1.1
PSR %CPU
  3 33.0
  5  0.3
  5  0.3
  4 24.3
  2 11.1
  4 11.1
  5 11.1
%CPU     %MEM    
 135  1.1
PSR %CPU
  3 33.1
  6  0.3
  5  0.3
  4 24.2
  7 11.1
  4 11.1
  5 11.1
  6  0.0
  0  0.0
  5  0.0
  2  0.0
%CPU     %MEM    
 135  1.1
PSR %CPU
  7 33.2
  6  0.3
  2  0.3
  4 24.2
  3 11.1
  5 11.1
  4 11.1
  1  0.0
  0  0.0
  4  0.0
%CPU     %MEM    
 135  1.1
PSR %CPU
  7 33.2
  1  0.3
  4  0.3
  4 24.0
  1 11.1
  2 11.1
  0 11.0
  6  0.0
  4  0.0
  3  0.0
  1  0.0
  0  0.0
  2  0.0
  3  0.0
  1  0.0
  2  0.0
  0  0.0
  1  0.0
%CPU     %MEM    
 135  1.1
PSR %CPU
  0 33.4
  2  0.3
  2  0.3
  4 23.9
  7 11.1
  4 11.1
  2 11.1
  6  0.0
  3  0.0
  4  0.0
  1  0.0
  4  0.0
  7  0.0
  1  0.0
  2  0.0
  7  0.0
  1  0.0
  2  0.0
%CPU     %MEM    
 135  1.1
PSR %CPU
  0 33.5
  6  0.3
  3  0.3
  4 23.9
  4 11.1
  7 11.1
  1 11.1
  5  0.0
  3  0.0
  2  0.0
  6  0.0
%CPU     %MEM    
 135  1.2
PSR %CPU
  6 33.6
  2  0.3
  4  0.3
  4 23.8
  0 11.1
  5 11.1
  3 11.1
  7  0.0
  4  0.0
  3  0.0
  3  0.0
  2  0.0
  5  0.0
  3  0.0
  0  0.0
  3  0.0
  3  0.0
  0  0.0
%CPU     %MEM    
 135  1.1
PSR %CPU
  4 33.7
  5  0.3
  7  0.3
  5 23.7
  6 11.1
  2 11.1
  5 11.1
%CPU     %MEM    
 136  1.2
PSR %CPU
  5 33.9
  7  0.3
  7  0.3
  6 23.6
  7 11.1
  0 11.1
  3 11.1
  2  0.0
  1  0.0
  4  0.0
  1  0.0
%CPU     %MEM    
 135  1.2
PSR %CPU
  2 33.9
  6  0.3
  3  0.3
  0 23.5
  6 11.1
  7 11.1
  0 11.1
  1  0.0
  5  0.0
  3  0.0
%CPU     %MEM    
 135  1.1
PSR %CPU
  5 34.0
  0  0.3
  3  0.3
  0 23.4
  1 11.1
  4 11.1
  7 11.1
%CPU     %MEM    
 135  1.2
PSR %CPU
  5 34.2
  2  0.3
  1  0.3
  2 23.4
  0 11.1
  3 11.1
  5 11.1
  7  0.0
  4  0.0
  1  0.0
  4  0.0
%CPU     %MEM    
 136  1.1
PSR %CPU
  1 34.3
  3  0.3
  4  0.3
  2 23.3
  3 11.1
  4 11.1
  7 11.1
%CPU     %MEM    
 136  1.1
PSR %CPU
  2 34.4
  3  0.3
  5  0.3
  3 23.2
  0 11.1
  1 11.1
  7 11.1
  3  0.0
  5  0.0
  4  0.0
  6  0.0
%CPU     %MEM    
 136  1.1
PSR %CPU
  4 34.5
  6  0.3
  0  0.3
  4 23.1
  5 11.1
  0 11.1
  6 11.1
%CPU     %MEM    
 135  1.1
PSR %CPU
  6 34.5
  1  0.3
  0  0.3
  2 23.0
  1 11.1
  0 11.1
  3 11.1
  7  0.0
  4  0.0
  5  0.0
  2  0.0
%CPU     %MEM    
 136  1.1
PSR %CPU
  2 34.6
  2  0.3
  6  0.3
  2 22.9
  7 11.1
  3 11.1
  1 11.1
  5  0.0
  6  0.0
  0  0.0
  4  0.0
%CPU     %MEM    
 136  1.2
PSR %CPU
  3 34.8
  4  0.3
  1  0.3
  4 22.9
  0 11.1
  5 11.1
  7 11.1
  6  0.0
  4  0.0
  1  0.0
  2  0.0
%CPU     %MEM    
 136  1.1
PSR %CPU
  7 34.9
  6  0.3
  2  0.3
  4 22.8
  5 11.1
  3 11.1
  2 11.1
  1  0.0
  6  0.0
  0  0.0
  4  0.0
%CPU     %MEM    
 136  1.2
PSR %CPU
  3 35.0
  6  0.3
  4  0.3
  5 22.7
  4 11.1
  5 11.1
  2 11.1
  0  0.0
  6  0.0
  1  0.0
  7  0.0
%CPU     %MEM    
 136  1.1
PSR %CPU
  5 35.0
  7  0.3
  6  0.3
  6 22.6
  3 11.1
  1 11.1
  4 11.1
  6  0.0
  7  0.0
  1  0.0
  2  0.0
%CPU     %MEM    
 136  1.1
PSR %CPU
  2 35.1
  0  0.3
  5  0.3
  0 22.6
  0 11.1
  7 11.1
  5 11.1
  3  0.0
  4  0.0
  1  0.0
  6  0.0
%CPU     %MEM    
 136  1.2
PSR %CPU
  6 35.2
  0  0.3
  1  0.3
  0 22.5
  7 11.1
  1 11.1
  2 11.1
%CPU     %MEM    
 136  1.2
PSR %CPU
  5 35.3
  0  0.3
  0  0.3
  3 22.4
  3 11.1
  4 11.1
  2 11.1
%CPU     %MEM    
 136  1.2
PSR %CPU
  4 35.5
  5  0.3
  0  0.3
  3 22.4
  6 11.2
  7 11.1
  1 11.1
  2  0.0
  3  0.0
  5  0.0
  0  0.0
%CPU     %MEM    
 136  1.2
PSR %CPU
  3 35.6
  5  0.3
  5  0.3
  4 22.3
  0 11.2
  4 11.1
  7 11.2
  2  0.0
  2  0.0
  6  0.0
  5  0.0
%CPU     %MEM    
 136  1.2
PSR %CPU
  5 35.6
  6  0.3
  6  0.3
  4 22.2
  6 11.1
  7 11.1
  4 11.1
  0  0.0
  3  0.0
  6  0.0
  6  0.0
  1  0.0
  4  0.0
  6  0.0
  7  0.0
  6  0.0
  6  0.0
  7  0.0
%CPU     %MEM    
 136  1.2
PSR %CPU
  6 35.7
  7  0.3
  4  0.3
  6 22.1
  1 11.1
  2 11.1
  0 11.1
  3  0.0
  5  0.0
  2  0.0
  4  0.0
%CPU     %MEM    
 136  1.2
PSR %CPU
  3 35.8
  2  0.3
  3  0.3
  0 22.0
  7 11.1
  5 11.1
  4 11.1
  1  0.0
  6  0.0
  7  0.0
  2  0.0
%CPU     %MEM    
 136  1.2
PSR %CPU
  6 35.9
  1  0.3
  0  0.3
  2 22.0
  7 11.1
  5 11.1
  1 11.1
  2  0.0
  0  0.0
  3  0.0
  2  0.0
%CPU     %MEM    
 136  1.2
PSR %CPU
  5 36.0
  3  0.3
  5  0.3
  2 21.9
  7 11.1
  0 11.1
  1 11.1
  1  0.0
  6  0.0
  3  0.0
  4  0.0
%CPU     %MEM    
 136  1.2
PSR %CPU
  0 36.1
  1  0.3
  2  0.3
  2 21.9
  3 11.1
  1 11.1
  4 11.2
  6  0.0
  5  0.0
  7  0.0
  2  0.0
%CPU     %MEM    
 136  1.2
PSR %CPU
  0 36.1
  5  0.3
  6  0.3
  3 21.7
  7 11.1
  5 11.1
  3 11.1
  1  0.0
  7  0.0
  4  0.0
  6  0.0
  5  0.0
  7  0.0
  6  0.0
  0  0.0
  3  0.0
  4  0.0
  3  0.0
%CPU     %MEM    
 136  1.2
PSR %CPU
  6 36.2
  4  0.3
  7  0.3
  2 11.1
  0 11.1
  1 11.1
  5  0.0
  4  0.0
  1  0.0
  3  0.0
  1  0.0
  1  0.0
  1  0.0
  3  0.0
  5  0.0
  6  0.0
  2  0.0
