%CPU     %MEM    
12.0  0.0
PSR %CPU
  4  2.0
  4  0.0
  1  0.0
  2  0.0
  1  1.0
  2  1.0
  7  1.0
%CPU     %MEM    
67.5  0.2
PSR %CPU
  5  2.5
  4  0.0
  2  0.0
  7 53.5
  2  1.5
  4  1.5
  3  1.5
  0  0.0
  6  0.0
  1  0.0
  4  0.0
%CPU     %MEM    
84.0  0.4
PSR %CPU
  5  1.6
  4  0.0
  2  0.0
  7 75.0
  2  1.0
  4  1.0
  3  1.0
  0  0.0
  6  0.0
  1  0.0
  4  0.0
%CPU     %MEM    
92.5  0.6
PSR %CPU
  5  1.2
  4  0.0
  2  0.0
  7 85.5
  2  0.7
  4  0.7
  3  0.7
  0  0.0
  6  0.0
  1  0.0
  4  0.0
%CPU     %MEM    
97.4  0.7
PSR %CPU
  5  1.0
  4  0.0
  2  0.0
  7 92.0
  2  0.6
  4  0.6
  3  0.6
  0  0.0
  6  0.0
  1  0.0
  4  0.0
%CPU     %MEM    
 100  0.7
PSR %CPU
  5  0.8
  5  0.0
  2  0.0
  7 96.1
  2  0.5
  4  0.5
  3  0.5
  0  0.0
  6  0.0
  1  0.0
  4  0.0
%CPU     %MEM    
90.2  0.7
PSR %CPU
  5  0.6
  5  0.0
  2  0.0
  7 86.7
  2  0.3
  4  0.3
  3  0.3
  0  0.0
  6  0.0
  1  0.0
  4  0.0
%CPU     %MEM    
93.3  0.7
PSR %CPU
  5  0.5
  5  0.0
  4  0.0
  7 90.2
  2  0.3
  4  0.3
  3  0.3
  0  0.0
  6  0.0
  1  0.0
  4  0.0
%CPU     %MEM    
95.5  0.7
PSR %CPU
  5  0.5
  5  0.0
  4  0.0
  7 92.8
  2  0.3
  4  0.3
  3  0.3
  0  0.0
  6  0.0
  1  0.0
  4  0.0
%CPU     %MEM    
97.5  0.7
PSR %CPU
  5  0.4
  5  0.0
  4  0.0
  7 95.0
  2  0.2
  4  0.2
  3  0.2
  0  0.0
  6  0.0
  1  0.0
  4  0.0
%CPU     %MEM    
99.1  0.7
PSR %CPU
  5  0.4
  5  0.0
  4  0.0
  7 96.9
  2  0.2
  4  0.2
  3  0.2
  0  0.0
  6  0.0
  1  0.0
  4  0.0
%CPU     %MEM    
 100  0.7
PSR %CPU
  5  0.3
  5  0.0
  4  0.0
  7 98.5
  2  0.2
  4  0.2
  3  0.2
  0  0.0
  6  0.0
  1  0.0
  4  0.0
%CPU     %MEM    
95.0  0.7
PSR %CPU
  5  0.3
  5  0.0
  4  0.0
  7 93.2
  2  0.2
  4  0.2
  3  0.2
  0  0.0
  6  0.0
  1  0.0
  4  0.0
%CPU     %MEM    
96.4  0.7
PSR %CPU
  5  0.3
  5  0.0
  4  0.0
  7 94.7
  2  0.1
  4  0.1
  3  0.1
  0  0.0
  6  0.0
  1  0.0
  4  0.0
%CPU     %MEM    
97.6  0.7
PSR %CPU
  5  0.2
  5  0.0
  5  0.0
  7 96.0
  2  0.1
  4  0.1
  3  0.1
  0  0.0
  6  0.0
  1  0.0
  4  0.0
%CPU     %MEM    
98.7  0.7
PSR %CPU
  5  0.2
  5  0.0
  6  0.0
  7 97.2
  2  0.1
  4  0.1
  3  0.1
  0  0.0
  6  0.0
  1  0.0
  4  0.0
%CPU     %MEM    
 101  0.7
PSR %CPU
  2  0.4
  5  0.0
  5  0.0
  7 95.9
  0  0.3
  1  0.3
  5  0.3
%CPU     %MEM    
97.7  0.7
PSR %CPU
  3  0.4
  5  0.0
  5  0.0
  3 92.2
  5  0.3
  2  0.3
  6  0.3
  0  0.0
  4  0.0
  1  0.0
  7  0.0
%CPU     %MEM    
98.6  0.7
PSR %CPU
  3  0.4
  5  0.0
  5  0.0
  3 93.4
  5  0.3
  2  0.3
  6  0.3
  0  0.0
  4  0.0
  1  0.0
  7  0.0
%CPU     %MEM    
99.4  0.7
PSR %CPU
  3  0.3
  5  0.0
  5  0.0
  3 94.4
  5  0.3
  2  0.3
  6  0.3
  0  0.0
  4  0.0
  1  0.0
  7  0.0
%CPU     %MEM    
 101  0.7
PSR %CPU
  5  0.5
  2  0.0
  7  0.0
  5 93.7
  6  0.4
  2  0.4
  1  0.4
  4  0.0
  0  0.0
  7  0.0
  3  0.0
%CPU     %MEM    
 102  0.7
PSR %CPU
  6  0.6
  4  0.0
  0  0.0
  5 93.4
  3  0.5
  0  0.5
  7  0.4
  1  0.0
  2  0.0
  4  0.0
  2  0.0
%CPU     %MEM    
 104  0.7
PSR %CPU
  3  0.7
  7  0.0
  6  0.0
  3 91.8
  2  0.7
  4  0.7
  7  0.6
  6  0.0
  5  0.0
  0  0.0
  1  0.0
%CPU     %MEM    
 101  0.7
PSR %CPU
  6  0.8
  6  0.0
  4  0.0
  2 87.8
  5  0.8
  3  0.8
  7  0.8
  1  0.0
  2  0.0
  4  0.0
  0  0.0
%CPU     %MEM    
 102  0.7
PSR %CPU
  6  0.8
  6  0.0
  4  0.0
  2 88.8
  5  0.7
  3  0.8
  7  0.7
  1  0.0
  2  0.0
  4  0.0
  0  0.0
%CPU     %MEM    
 103  0.7
PSR %CPU
  7  0.9
  1  0.0
  4  0.0
  7 88.6
  1  0.9
  3  0.9
  0  0.9
  2  0.0
  6  0.0
  4  0.0
  5  0.0
%CPU     %MEM    
 103  0.7
PSR %CPU
  0  0.9
  1  0.0
  5  0.0
  7 88.9
  1  0.9
  6  0.9
  7  0.9
%CPU     %MEM    
 105  0.7
PSR %CPU
  4  1.1
  5  0.0
  1  0.0
  4 87.8
  6  1.1
  0  1.1
  7  1.1
  2  0.0
  5  0.0
  1  0.0
  3  0.0
%CPU     %MEM    
 105  0.7
PSR %CPU
  2  1.3
  6  0.0
  5  0.0
  3 87.6
  4  1.2
  1  1.2
  7  1.2
  3  0.0
  6  0.0
  2  0.0
  5  0.0
%CPU     %MEM    
 103  0.7
PSR %CPU
  0  1.3
  1  0.0
  3  0.0
  0 84.8
  6  1.3
  5  1.3
  4  1.3
  2  0.0
  3  0.0
  1  0.0
  7  0.0
%CPU     %MEM    
 104  0.7
PSR %CPU
  0  1.3
  1  0.0
  3  0.0
  0 85.7
  6  1.2
  5  1.3
  4  1.2
  2  0.0
  3  0.0
  1  0.0
  7  0.0
%CPU     %MEM    
 104  0.7
PSR %CPU
  0  1.2
  1  0.0
  3  0.0
  0 86.5
  6  1.2
  5  1.2
  4  1.2
  2  0.0
  3  0.0
  1  0.0
  7  0.0
%CPU     %MEM    
 104  0.7
PSR %CPU
  7  1.3
  5  0.0
  4  0.0
  0 86.7
  5  1.2
  2  1.2
  4  1.2
%CPU     %MEM    
 105  0.7
PSR %CPU
  6  1.4
  5  0.0
  5  0.0
  6 86.2
  7  1.4
  5  1.4
  3  1.4
  4  0.0
  1  0.0
  2  0.0
  0  0.0
%CPU     %MEM    
 106  0.7
PSR %CPU
  0  1.5
  5  0.0
  5  0.0
  0 86.2
  2  1.5
  4  1.5
  5  1.5
  7  0.0
  1  0.0
  6  0.0
  3  0.0
%CPU     %MEM    
 104  0.7
PSR %CPU
  5  1.6
  0  0.0
  3  0.0
  7 84.0
  0  1.5
  7  1.5
  3  1.5
  4  0.0
  1  0.0
  2  0.0
  6  0.0
%CPU     %MEM    
 105  0.7
PSR %CPU
  5  1.6
  0  0.0
  3  0.0
  7 84.8
  0  1.5
  7  1.5
  3  1.4
  4  0.0
  1  0.0
  2  0.0
  6  0.0
%CPU     %MEM    
 106  0.8
PSR %CPU
  0  1.9
  2  0.0
  6  0.0
  4 83.1
  7  1.8
  6  1.8
  3  1.8
  2  0.0
  4  0.0
  3  0.0
  1  0.0
  6  0.0
  7  0.0
  1  0.0
  0  0.0
  6  0.0
  0  0.0
  3  0.0
%CPU     %MEM    
 107  0.8
PSR %CPU
  2  2.1
  5  0.0
  3  0.0
  4 82.3
  7  1.9
  6  1.9
  5  1.9
  1  0.0
  3  0.0
  0  0.0
  4  0.0
%CPU     %MEM    
 107  0.8
PSR %CPU
  2  2.1
  5  0.0
  3  0.0
  4 83.1
  7  1.9
  6  1.9
  5  1.9
  1  0.0
  3  0.0
  0  0.0
  4  0.0
%CPU     %MEM    
 105  0.8
PSR %CPU
  2  2.0
  5  0.0
  3  0.0
  4 82.1
  7  1.8
  6  1.8
  5  1.8
  1  0.0
  3  0.0
  0  0.0
  4  0.0
%CPU     %MEM    
 106  0.8
PSR %CPU
  6  2.2
  2  0.0
  6  0.0
  4 81.2
  0  1.9
  1  1.9
  2  1.9
%CPU     %MEM    
 106  0.8
PSR %CPU
  0  2.3
  5  0.0
  0  0.0
  4 80.5
  1  2.0
  3  2.0
  6  2.0
  5  0.0
  7  0.0
  2  0.0
  4  0.0
%CPU     %MEM    
 107  0.8
PSR %CPU
  0  2.3
  5  0.0
  0  0.0
  4 81.2
  1  2.0
  3  2.0
  6  2.0
  5  0.0
  7  0.0
  2  0.0
  4  0.0
%CPU     %MEM    
 107  0.8
PSR %CPU
  0  2.2
  5  0.0
  0  0.0
  4 81.9
  1  1.9
  3  2.0
  6  1.9
  5  0.0
  7  0.0
  2  0.0
  4  0.0
%CPU     %MEM    
 107  0.8
PSR %CPU
  0  2.2
  5  0.0
  0  0.0
  4 82.5
  1  1.9
  3  1.9
  6  1.9
  5  0.0
  7  0.0
  2  0.0
  4  0.0
%CPU     %MEM    
 105  0.8
PSR %CPU
  0  2.1
  5  0.0
  0  0.0
  4 81.7
  1  1.8
  3  1.8
  6  1.8
  5  0.0
  7  0.0
  2  0.0
  4  0.0
%CPU     %MEM    
 105  0.8
PSR %CPU
  0  2.1
  5  0.0
  0  0.0
  4 82.3
  1  1.8
  3  1.8
  6  1.8
  5  0.0
  7  0.0
  2  0.0
  4  0.0
%CPU     %MEM    
 106  0.8
PSR %CPU
  3  2.2
  5  0.0
  1  0.0
  6 82.3
  1  1.8
  6  1.9
  4  1.9
%CPU     %MEM    
 107  0.8
PSR %CPU
  6  2.3
  0  0.0
  5  0.0
  7 82.1
  5  1.9
  1  2.0
  7  2.0
%CPU     %MEM    
 107  0.8
PSR %CPU
  0  2.3
  0  0.0
  5  0.0
  7 82.3
  5  1.9
  7  2.0
  4  2.0
  2  0.0
  6  0.0
  3  0.0
  1  0.0
%CPU     %MEM    
 107  0.8
PSR %CPU
  6  2.4
  0  0.0
  5  0.0
  7 82.2
  0  2.0
  7  2.0
  1  2.0
  3  0.0
  4  0.0
  2  0.0
  5  0.0
%CPU     %MEM    
 106  0.8
PSR %CPU
  6  2.3
  0  0.0
  5  0.0
  7 81.4
  0  1.9
  7  2.0
  1  1.9
  3  0.0
  4  0.0
  2  0.0
  5  0.0
%CPU     %MEM    
 106  0.8
PSR %CPU
  4  2.4
  0  0.0
  5  0.0
  7 81.5
  7  2.0
  5  2.0
  0  2.0
  1  0.0
  2  0.0
  3  0.0
  6  0.0
%CPU     %MEM    
 106  0.8
PSR %CPU
  4  2.4
  0  0.0
  5  0.0
  7 82.0
  7  1.9
  5  2.0
  0  2.0
  1  0.0
  2  0.0
  3  0.0
  6  0.0
%CPU     %MEM    
 107  0.8
PSR %CPU
  4  2.4
  0  0.0
  1  0.0
  7 82.2
  2  2.0
  7  2.0
  5  2.0
%CPU     %MEM    
 107  0.8
PSR %CPU
  4  2.5
  0  0.0
  2  0.0
  7 82.1
  1  2.0
  2  2.1
  5  2.0
  6  0.0
  0  0.0
  7  0.0
  3  0.0
%CPU     %MEM    
 108  0.8
PSR %CPU
  4  2.5
  0  0.0
  2  0.0
  7 82.6
  1  2.0
  2  2.0
  5  2.0
  6  0.0
  0  0.0
  7  0.0
  3  0.0
%CPU     %MEM    
 107  0.8
PSR %CPU
  2  2.5
  2  0.0
  2  0.0
  7 81.4
  0  2.0
  6  2.0
  7  2.0
  4  0.0
  3  0.0
  5  0.0
  1  0.0
%CPU     %MEM    
 107  0.8
PSR %CPU
  2  2.5
  2  0.0
  2  0.0
  7 81.9
  0  2.0
  6  2.0
  7  2.0
  4  0.0
  3  0.0
  5  0.0
  1  0.0
%CPU     %MEM    
 107  0.8
PSR %CPU
  6  2.6
  3  0.0
  2  0.0
  7 81.7
  7  2.0
  3  2.1
  1  2.0
%CPU     %MEM    
 108  0.8
PSR %CPU
  2  2.7
  0  0.0
  2  0.0
  7 81.9
  1  2.1
  0  2.1
  6  2.1
  4  0.0
  7  0.0
  3  0.0
  5  0.0
%CPU     %MEM    
 108  0.9
PSR %CPU
  7  2.7
  3  0.0
  3  0.0
  0 81.9
  1  2.1
  5  2.1
  4  2.1
  2  0.0
  6  0.0
  0  0.0
  3  0.0
%CPU     %MEM    
 107  0.9
PSR %CPU
  7  2.6
  3  0.0
  3  0.0
  0 81.3
  1  2.0
  5  2.1
  4  2.1
  2  0.0
  6  0.0
  0  0.0
  3  0.0
%CPU     %MEM    
 107  0.9
PSR %CPU
  3  2.8
  4  0.0
  3  0.0
  0 80.8
  1  2.1
  0  2.1
  5  2.1
  2  0.0
  6  0.0
  7  0.0
  4  0.0
%CPU     %MEM    
 108  0.9
PSR %CPU
  3  2.8
  4  0.0
  3  0.0
  0 81.3
  1  2.1
  0  2.1
  5  2.1
  2  0.0
  6  0.0
  7  0.0
  4  0.0
%CPU     %MEM    
 108  0.9
PSR %CPU
  3  2.7
  4  0.0
  3  0.0
  0 81.8
  1  2.0
  0  2.1
  5  2.0
  2  0.0
  6  0.0
  7  0.0
  4  0.0
%CPU     %MEM    
 108  0.9
PSR %CPU
  6  2.8
  5  0.0
  4  0.0
  0 81.8
  5  2.1
  4  2.1
  7  2.1
  2  0.0
  1  0.0
  0  0.0
  3  0.0
%CPU     %MEM    
 108  0.9
PSR %CPU
  6  2.8
  5  0.0
  4  0.0
  0 82.3
  5  2.0
  4  2.1
  7  2.1
  2  0.0
  1  0.0
  0  0.0
  3  0.0
%CPU     %MEM    
 107  0.9
PSR %CPU
  6  2.7
  6  0.0
  4  0.0
  0 81.7
  5  2.0
  4  2.0
  7  2.0
  2  0.0
  1  0.0
  0  0.0
  3  0.0
%CPU     %MEM    
 107  0.9
PSR %CPU
  0  2.8
  6  0.0
  4  0.0
  2 81.8
  3  2.0
  7  2.0
  1  2.0
  4  0.0
  5  0.0
  2  0.0
  6  0.0
%CPU     %MEM    
 107  0.9
PSR %CPU
  0  2.7
  6  0.0
  4  0.0
  2 82.2
  3  2.0
  7  2.0
  1  2.0
  4  0.0
  5  0.0
  2  0.0
  6  0.0
%CPU     %MEM    
 108  0.9
PSR %CPU
  6  2.8
  6  0.0
  0  0.0
  2 82.4
  2  2.0
  7  2.0
  1  2.0
%CPU     %MEM    
 108  0.9
PSR %CPU
  0  2.8
  6  0.0
  3  0.0
  2 82.5
  3  2.0
  7  2.0
  1  2.0
  6  0.0
  4  0.0
  2  0.0
  5  0.0
%CPU     %MEM    
 108  0.9
PSR %CPU
  6  2.8
  3  0.0
  3  0.0
  5 82.5
  7  2.0
  4  2.1
  5  2.1
  2  0.0
  1  0.0
  0  0.0
  3  0.0
%CPU     %MEM    
 107  0.9
PSR %CPU
  6  2.8
  3  0.0
  3  0.0
  5 82.0
  7  2.0
  4  2.0
  5  2.0
  2  0.0
  1  0.0
  0  0.0
  3  0.0
%CPU     %MEM    
 107  0.9
PSR %CPU
  6  2.7
  4  0.0
  4  0.0
  5 82.4
  7  2.0
  4  2.0
  5  2.0
  2  0.0
  1  0.0
  0  0.0
  3  0.0
%CPU     %MEM    
 107  0.9
PSR %CPU
  6  2.7
  4  0.0
  4  0.0
  5 82.7
  7  2.0
  4  2.0
  5  2.0
  0  0.0
  2  0.0
  3  0.0
  1  0.0
  6  0.0
  1  0.0
  7  0.0
  4  0.0
  5  0.0
  1  0.0
  5  0.0
%CPU     %MEM    
 108  0.9
PSR %CPU
  1  2.8
  4  0.0
  4  0.0
  5 82.3
  7  2.0
  5  2.0
  0  2.0
%CPU     %MEM    
 108  0.9
PSR %CPU
  2  3.0
  4  0.0
  4  0.0
  5 82.0
  7  2.1
  1  2.1
  6  2.1
%CPU     %MEM    
 108  0.9
PSR %CPU
  2  3.0
  4  0.0
  4  0.0
  5 82.3
  4  2.0
  5  2.1
  7  2.1
  0  0.0
  3  0.0
  6  0.0
  1  0.0
%CPU     %MEM    
 107  0.9
PSR %CPU
  2  2.9
  4  0.0
  4  0.0
  5 81.8
  4  2.0
  5  2.0
  7  2.0
  0  0.0
  3  0.0
  6  0.0
  1  0.0
%CPU     %MEM    
 107  0.9
PSR %CPU
  2  2.9
  4  0.0
  4  0.0
  5 82.2
  4  2.0
  5  2.0
  7  2.0
  0  0.0
  3  0.0
  6  0.0
  1  0.0
%CPU     %MEM    
 107  0.9
PSR %CPU
  2  2.8
  4  0.0
  4  0.0
  5 82.5
  4  2.0
  5  2.0
  7  2.0
  0  0.0
  3  0.0
  6  0.0
  1  0.0
%CPU     %MEM    
 107  0.9
PSR %CPU
  2  2.9
  4  0.0
  5  0.0
  5 82.6
  3  2.0
  4  2.0
  5  2.0
  0  0.0
  6  0.0
  7  0.0
  5  0.0
%CPU     %MEM    
 107  0.9
PSR %CPU
  2  2.9
  4  0.0
  6  0.0
  5 82.9
  3  2.0
  4  2.0
  5  2.0
  0  0.0
  6  0.0
  7  0.0
  5  0.0
%CPU     %MEM    
 107  0.9
PSR %CPU
  0  2.9
  4  0.0
  1  0.0
  5 81.9
  1  2.0
  6  2.0
  3  2.0
  7  0.0
  2  0.0
  4  0.0
  5  0.0
%CPU     %MEM    
 107  0.9
PSR %CPU
  0  2.9
  4  0.0
  1  0.0
  5 82.3
  1  2.0
  6  2.0
  3  2.0
  7  0.0
  2  0.0
  4  0.0
  5  0.0
%CPU     %MEM    
 107  0.9
PSR %CPU
  2  2.9
  6  0.0
  1  0.0
  5 82.1
  5  2.0
  4  2.0
  3  2.0
  6  0.0
  1  0.0
  0  0.0
  7  0.0
%CPU     %MEM    
 107  0.9
PSR %CPU
  6  3.0
  6  0.0
  1  0.0
  5 82.3
  7  2.0
  2  2.0
  4  2.0
%CPU     %MEM    
 107  0.9
PSR %CPU
  0  3.1
  2  0.0
  2  0.0
  5 81.9
  2  2.0
  5  2.0
  1  2.1
%CPU     %MEM    
 107  0.9
PSR %CPU
  7  3.1
  6  0.0
  2  0.0
  5 82.1
  5  2.0
  6  2.0
  4  2.1
  1  0.0
  0  0.0
  2  0.0
  3  0.0
%CPU     %MEM    
 107  0.9
PSR %CPU
  7  3.0
  6  0.0
  2  0.0
  5 81.7
  5  2.0
  6  2.0
  4  2.0
  1  0.0
  0  0.0
  2  0.0
  3  0.0
%CPU     %MEM    
 107  0.9
PSR %CPU
  2  3.1
  0  0.0
  4  0.0
  5 81.6
  4  2.0
  7  2.0
  6  2.0
  5  0.0
  3  0.0
  1  0.0
  0  0.0
%CPU     %MEM    
 107  0.9
PSR %CPU
  2  3.1
  0  0.0
  4  0.0
  5 81.9
  4  2.0
  7  2.0
  6  2.0
%CPU     %MEM    
 107  0.9
PSR %CPU
  2  3.1
  4  0.0
  0  0.0
  3 81.8
  7  2.0
  3  2.0
  0  2.0
  6  0.0
  4  0.0
  1  0.0
  5  0.0
%CPU     %MEM    
 107  0.9
PSR %CPU
  3  3.2
  1  0.0
  0  0.0
  3 81.7
  0  2.1
  7  2.1
  1  2.1
%CPU     %MEM    
 107  0.9
PSR %CPU
  0  3.3
  1  0.0
  1  0.0
  3 81.6
  3  2.1
  2  2.1
  4  2.1
  5  0.0
  6  0.0
  1  0.0
  7  0.0
%CPU     %MEM    
 107  0.9
PSR %CPU
  2  3.4
  1  0.0
  0  0.0
  3 80.7
  3  2.1
  0  2.1
  5  2.1
  4  0.0
  1  0.0
  6  0.0
  7  0.0
%CPU     %MEM    
 107  0.9
PSR %CPU
  7  3.4
  1  0.0
  0  0.0
  3 80.6
  5  2.1
  0  2.1
  3  2.1
  6  0.0
  4  0.0
  2  0.0
  1  0.0
%CPU     %MEM    
 107  0.9
PSR %CPU
  5  3.5
  2  0.0
  0  0.0
  3 80.5
  1  2.1
  6  2.1
  7  2.2
  0  0.0
  4  0.0
  2  0.0
  3  0.0
%CPU     %MEM    
 107  0.9
PSR %CPU
  5  3.5
  2  0.0
  0  0.0
  3 80.8
  1  2.1
  6  2.1
  7  2.1
  0  0.0
  4  0.0
  2  0.0
  3  0.0
%CPU     %MEM    
 107  0.9
PSR %CPU
  5  3.6
  2  0.0
  0  0.0
  3 80.8
  2  2.2
  6  2.2
  1  2.2
%CPU     %MEM    
 107  0.9
PSR %CPU
  5  3.5
  5  0.0
  0  0.0
  3 80.4
  2  2.1
  0  2.1
  3  2.1
  4  0.0
  6  0.0
  1  0.0
  7  0.0
%CPU     %MEM    
 107  0.9
PSR %CPU
  5  3.5
  5  0.0
  0  0.0
  3 80.7
  2  2.1
  0  2.1
  3  2.1
  4  0.0
  6  0.0
  1  0.0
  7  0.0
%CPU     %MEM    
 107  0.9
PSR %CPU
  2  3.6
  1  0.0
  0  0.0
  3 80.5
  5  2.1
  0  2.1
  3  2.1
  6  0.0
  4  0.0
  1  0.0
  7  0.0
%CPU     %MEM    
 107  0.9
PSR %CPU
  7  3.6
  1  0.0
  0  0.0
  3 80.7
  5  2.1
  6  2.1
  5  2.1
  4  0.0
  1  0.0
  3  0.0
  0  0.0
%CPU     %MEM    
 107  0.9
PSR %CPU
  6  3.6
  1  0.0
  0  0.0
  3 80.7
  0  2.1
  4  2.1
  1  2.1
  7  0.0
  3  0.0
  2  0.0
  5  0.0
%CPU     %MEM    
 107  0.9
PSR %CPU
  6  3.6
  1  0.0
  0  0.0
  3 81.0
  0  2.1
  4  2.1
  1  2.1
  7  0.0
  3  0.0
  2  0.0
  5  0.0
%CPU     %MEM    
 106  0.9
PSR %CPU
  6  3.5
  1  0.0
  0  0.0
  3 80.6
  0  2.1
  4  2.1
  1  2.1
  7  0.0
  3  0.0
  2  0.0
  5  0.0
%CPU     %MEM    
 106  0.9
PSR %CPU
  6  3.5
  1  0.0
  0  0.0
  3 80.9
  0  2.1
  4  2.1
  1  2.1
  7  0.0
  3  0.0
  2  0.0
  5  0.0
%CPU     %MEM    
 107  0.9
PSR %CPU
  2  3.6
  0  0.0
  6  0.0
  3 80.8
  7  2.1
  6  2.1
  0  2.1
  4  0.0
  3  0.0
  5  0.0
  1  0.0
%CPU     %MEM    
 107  0.9
PSR %CPU
  2  3.7
  5  0.0
  2  0.0
  3 80.7
  4  2.1
  7  2.1
  5  2.1
  6  0.0
  0  0.0
  1  0.0
  3  0.0
%CPU     %MEM    
 107  0.9
PSR %CPU
  7  3.7
  0  0.0
  2  0.0
  3 80.7
  1  2.1
  2  2.1
  4  2.1
  5  0.0
  6  0.0
  0  0.0
  3  0.0
%CPU     %MEM    
 107  0.9
PSR %CPU
  7  3.7
  0  0.0
  2  0.0
  3 81.0
  1  2.1
  2  2.1
  4  2.1
  5  0.0
  6  0.0
  0  0.0
  3  0.0
%CPU     %MEM    
 107  0.9
PSR %CPU
  0  3.8
  1  0.0
  2  0.0
  3 80.3
  6  2.1
  2  2.1
  3  2.1
  1  0.0
  7  0.0
  5  0.0
  4  0.0
%CPU     %MEM    
 107  0.9
PSR %CPU
  0  3.7
  1  0.0
  2  0.0
  3 80.6
  6  2.1
  2  2.1
  3  2.1
  1  0.0
  7  0.0
  5  0.0
  4  0.0
%CPU     %MEM    
 107  0.9
PSR %CPU
  0  3.7
  3  0.0
  2  0.0
  3 80.8
  4  2.1
  6  2.1
  3  2.1
  2  0.0
  7  0.0
  4  0.0
  1  0.0
  3  0.0
  6  0.0
  1  0.0
  5  0.0
  5  0.0
  3  0.0
  1  0.0
%CPU     %MEM    
 107  1.0
PSR %CPU
  5  3.9
  4  0.0
  7  0.0
  3 80.2
  2  2.2
  3  2.2
  0  2.2
  4  0.0
  6  0.0
  7  0.0
  1  0.0
  3  0.0
  2  0.0
  7  0.0
  0  0.0
  1  0.0
  1  0.0
  1  0.0
%CPU     %MEM    
 107  0.9
PSR %CPU
  6  4.1
  4  0.0
  0  0.0
  3 79.8
  5  2.2
  2  2.2
  4  2.2
  0  0.0
  7  0.0
  1  0.0
  3  0.0
%CPU     %MEM    
 107  0.9
PSR %CPU
  6  4.2
  4  0.0
  0  0.0
  3 79.7
  4  2.2
  3  2.2
  2  2.2
  7  0.0
  1  0.0
  0  0.0
  5  0.0
%CPU     %MEM    
 107  1.0
PSR %CPU
  6  4.2
  4  0.0
  0  0.0
  3 79.0
  7  2.3
  5  2.2
  4  2.2
  3  0.0
  0  0.0
  1  0.0
  2  0.0
%CPU     %MEM    
 107  1.0
PSR %CPU
  6  4.2
  4  0.0
  0  0.0
  3 79.3
  7  2.2
  5  2.2
  4  2.2
  3  0.0
  0  0.0
  1  0.0
  2  0.0
%CPU     %MEM    
 107  1.0
PSR %CPU
  3  4.2
  5  0.0
  0  0.0
  3 79.5
  3  2.2
  5  2.2
  4  2.2
  2  0.0
  1  0.0
  0  0.0
  7  0.0
  4  0.0
  2  0.0
  5  0.0
  6  0.0
  3  0.0
  7  0.0
  4  0.0
%CPU     %MEM    
 107  1.0
PSR %CPU
  5  4.2
  0  0.0
  4  0.0
  5 79.4
  1  2.2
  4  2.2
  2  2.2
  7  0.0
  0  0.0
  6  0.0
  3  0.0
%CPU     %MEM    
 107  1.0
PSR %CPU
  3  4.3
  0  0.0
  4  0.0
  5 79.4
  2  2.3
  4  2.2
  1  2.2
  5  0.0
  6  0.0
  0  0.0
  7  0.0
%CPU     %MEM    
 107  1.0
PSR %CPU
  2  4.3
  0  0.0
  4  0.0
  5 79.1
  4  2.2
  7  2.2
  6  2.2
  0  0.0
  5  0.0
  1  0.0
  3  0.0
%CPU     %MEM    
 107  1.0
PSR %CPU
  7  4.4
  1  0.0
  4  0.0
  5 79.0
  6  2.3
  0  2.2
  3  2.2
  1  0.0
  5  0.0
  2  0.0
  4  0.0
%CPU     %MEM    
 107  1.0
PSR %CPU
  7  4.3
  1  0.0
  4  0.0
  5 79.2
  6  2.2
  0  2.2
  3  2.2
  1  0.0
  5  0.0
  2  0.0
  4  0.0
%CPU     %MEM    
 107  1.0
PSR %CPU
  7  4.3
  1  0.0
  4  0.0
  5 79.4
  5  2.2
  1  2.2
  4  2.2
  0  0.0
  3  0.0
  6  0.0
  3  0.0
%CPU     %MEM    
 107  1.0
PSR %CPU
  0  4.4
  1  0.0
  4  0.0
  5 79.4
  4  2.2
  2  2.2
  7  2.2
  5  0.0
  3  0.0
  1  0.0
  6  0.0
%CPU     %MEM    
 107  1.0
PSR %CPU
  0  4.3
  1  0.0
  4  0.0
  5 79.6
  4  2.2
  2  2.2
  7  2.2
  5  0.0
  3  0.0
  1  0.0
  6  0.0
%CPU     %MEM    
 107  1.0
PSR %CPU
  4  4.4
  6  0.0
  4  0.0
  5 79.0
  6  2.2
  5  2.2
  2  2.2
  0  0.0
  7  0.0
  1  0.0
  3  0.0
%CPU     %MEM    
 107  1.0
PSR %CPU
  4  4.4
  6  0.0
  4  0.0
  5 79.3
  6  2.2
  5  2.2
  2  2.2
  0  0.0
  7  0.0
  1  0.0
  3  0.0
%CPU     %MEM    
 107  1.0
PSR %CPU
  4  4.3
  6  0.0
  4  0.0
  5 79.5
  6  2.2
  5  2.2
  2  2.2
  0  0.0
  7  0.0
  1  0.0
  3  0.0
%CPU     %MEM    
 107  1.0
PSR %CPU
  4  4.3
  6  0.0
  4  0.0
  5 79.7
  6  2.2
  5  2.2
  2  2.2
  0  0.0
  7  0.0
  1  0.0
  3  0.0
%CPU     %MEM    
 107  1.0
PSR %CPU
  4  4.3
  6  0.0
  4  0.0
  5 80.0
  6  2.2
  5  2.2
  2  2.2
  0  0.0
  7  0.0
  1  0.0
  3  0.0
%CPU     %MEM    
 107  1.0
PSR %CPU
  6  4.4
  0  0.0
  6  0.0
  5 79.9
  7  2.2
  2  2.2
  0  2.2
  5  0.0
  3  0.0
  1  0.0
  4  0.0
%CPU     %MEM    
 106  1.0
PSR %CPU
  6  4.3
  0  0.0
  6  0.0
  5 79.6
  7  2.2
  2  2.2
  0  2.2
  5  0.0
  3  0.0
  1  0.0
  4  0.0
%CPU     %MEM    
 107  1.0
PSR %CPU
  6  4.3
  0  0.0
  6  0.0
  5 79.9
  7  2.2
  2  2.1
  0  2.1
  5  0.0
  3  0.0
  1  0.0
  4  0.0
%CPU     %MEM    
 107  1.0
PSR %CPU
  3  4.4
  0  0.0
  4  0.0
  5 79.7
  6  2.2
  0  2.2
  5  2.2
  2  0.0
  4  0.0
  1  0.0
  7  0.0
  1  0.0
  0  0.0
  5  0.0
  6  0.0
  7  0.0
  0  0.0
  3  0.0
%CPU     %MEM    
 107  1.0
PSR %CPU
  4  4.4
  2  0.0
  4  0.0
  5 79.7
  1  2.2
  3  2.2
  7  2.2
  6  0.0
  2  0.0
  5  0.0
  0  0.0
%CPU     %MEM    
 107  1.0
PSR %CPU
  4  4.4
  2  0.0
  6  0.0
  5 79.9
  1  2.2
  3  2.2
  7  2.2
  6  0.0
  2  0.0
  5  0.0
  0  0.0
%CPU     %MEM    
 107  1.0
PSR %CPU
  4  4.4
  2  0.0
  6  0.0
  5 80.1
  1  2.2
  3  2.2
  7  2.2
  6  0.0
  2  0.0
  5  0.0
  0  0.0
%CPU     %MEM    
 106  1.0
PSR %CPU
  4  4.3
  2  0.0
  6  0.0
  5 79.9
  1  2.1
  3  2.1
  7  2.1
  6  0.0
  2  0.0
  5  0.0
  0  0.0
%CPU     %MEM    
 106  1.0
PSR %CPU
  4  4.3
  2  0.0
  6  0.0
  5 80.1
  1  2.1
  3  2.1
  7  2.1
  6  0.0
  2  0.0
  5  0.0
  0  0.0
%CPU     %MEM    
 107  1.0
PSR %CPU
  5  4.4
  2  0.0
  0  0.0
  6 80.0
  0  2.1
  3  2.1
  4  2.1
  6  0.0
  2  0.0
  7  0.0
  1  0.0
%CPU     %MEM    
 107  1.0
PSR %CPU
  2  4.4
  3  0.0
  1  0.0
  6 80.1
  7  2.2
  0  2.1
  1  2.1
%CPU     %MEM    
 107  1.0
PSR %CPU
  7  4.4
  3  0.0
  7  0.0
  6 80.2
  3  2.2
  0  2.1
  1  2.1
  2  0.0
  5  0.0
  4  0.0
  6  0.0
%CPU     %MEM    
 106  1.0
PSR %CPU
  3  4.5
  5  0.0
  0  0.0
  6 79.6
  4  2.2
  5  2.1
  6  2.1
  2  0.0
  7  0.0
  1  0.0
  0  0.0
%CPU     %MEM    
 106  1.0
PSR %CPU
  3  4.5
  5  0.0
  0  0.0
  6 79.8
  4  2.1
  5  2.1
  6  2.1
  2  0.0
  7  0.0
  1  0.0
  0  0.0
%CPU     %MEM    
 107  1.0
PSR %CPU
  3  4.6
  1  0.0
  0  0.0
  6 79.7
  7  2.2
  4  2.1
  1  2.1
  6  0.0
  2  0.0
  5  0.0
  0  0.0
%CPU     %MEM    
 107  1.0
PSR %CPU
  2  4.6
  1  0.0
  1  0.0
  2 79.6
  1  2.2
  4  2.2
  5  2.2
  7  0.0
  3  0.0
  0  0.0
  6  0.0
%CPU     %MEM    
 107  1.0
PSR %CPU
  2  4.6
  1  0.0
  1  0.0
  2 79.8
  1  2.2
  4  2.1
  5  2.1
  7  0.0
  3  0.0
  0  0.0
  6  0.0
%CPU     %MEM    
 107  1.0
PSR %CPU
  4  4.7
  3  0.0
  1  0.0
  2 79.8
  0  2.2
  0  2.2
  3  2.2
  2  0.0
  7  0.0
  6  0.0
  1  0.0
%CPU     %MEM    
 106  1.0
PSR %CPU
  7  4.8
  3  0.0
  1  0.0
  2 79.2
  1  2.2
  6  2.2
  4  2.2
  0  0.0
  5  0.0
  2  0.0
  3  0.0
  4  0.0
  6  0.0
  7  0.0
  1  0.0
  3  0.0
  2  0.0
  6  6.0
%CPU     %MEM    
 107  1.0
PSR %CPU
  7  5.0
  3  0.0
  3  0.0
  3 78.8
  5  2.2
  3  2.2
  3  2.2
  4  0.0
  6  0.0
  2  0.0
  1  0.0
%CPU     %MEM    
 107  1.0
PSR %CPU
  7  5.2
  4  0.0
  2  0.0
  3 78.3
  1  2.3
  4  2.3
  6  2.3
  5  0.0
  2  0.0
  0  0.0
  3  0.0
  4  0.0
  6  0.0
  0  0.0
  1  0.0
  3  0.0
  3  0.0
  3  0.0
%CPU     %MEM    
 107  1.0
PSR %CPU
  2  5.3
  4  0.0
  4  0.0
  3 78.0
  1  2.3
  3  2.3
  5  2.3
%CPU     %MEM    
 107  1.0
PSR %CPU
  0  5.5
  5  0.0
  4  0.0
  3 77.9
  7  2.4
  1  2.4
  4  2.3
  4  0.0
  5  0.0
  2  0.0
  6  0.0
%CPU     %MEM    
 107  1.0
PSR %CPU
  5  5.5
  6  0.0
  6  0.0
  3 78.0
  3  2.4
  6  2.3
  0  2.3
  4  0.0
  1  0.0
  7  0.0
  2  0.0
%CPU     %MEM    
 107  1.0
PSR %CPU
  1  5.5
  7  0.0
  4  0.0
  3 77.5
  6  2.4
  3  2.4
  4  2.3
  2  0.0
  7  0.0
  0  0.0
  5  0.0
%CPU     %MEM    
 107  1.0
PSR %CPU
  1  5.5
  7  0.0
  6  0.0
  3 77.7
  6  2.3
  3  2.3
  4  2.3
  2  0.0
  7  0.0
  0  0.0
  5  0.0
%CPU     %MEM    
 107  1.0
PSR %CPU
  3  5.6
  5  0.0
  5  0.0
  4 77.6
  4  2.4
  7  2.4
  1  2.3
  5  0.0
  6  0.0
  0  0.0
  2  0.0
%CPU     %MEM    
 107  1.0
PSR %CPU
  3  5.5
  5  0.0
  5  0.0
  4 77.8
  4  2.3
  7  2.3
  1  2.3
  5  0.0
  6  0.0
  0  0.0
  2  0.0
%CPU     %MEM    
 107  1.0
PSR %CPU
  7  5.6
  5  0.0
  5  0.0
  4 77.8
  3  2.4
  2  2.4
  5  2.3
  1  0.0
  0  0.0
  6  0.0
  3  0.0
  4  0.0
  5  0.0
  7  0.0
  3  0.0
  3  0.0
  3  0.0
  7  0.0
%CPU     %MEM    
 108  1.0
PSR %CPU
  4  5.7
  6  0.0
  6  0.0
  5 77.7
  2  2.4
  1  2.4
  3  2.4
  7  0.0
  6  0.0
  0  0.0
  5  0.0
%CPU     %MEM    
 107  1.0
PSR %CPU
  4  5.7
  7  0.0
  6  0.0
  5 77.5
  2  2.4
  1  2.4
  3  2.3
  7  0.0
  6  0.0
  0  0.0
  5  0.0
%CPU     %MEM    
 107  1.0
PSR %CPU
  4  5.6
  7  0.0
  6  0.0
  5 77.7
  2  2.3
  1  2.3
  3  2.3
  7  0.0
  6  0.0
  0  0.0
  5  0.0
%CPU     %MEM    
 107  1.0
PSR %CPU
  4  5.6
  7  0.0
  6  0.0
  5 77.8
  2  2.3
  5  2.3
  3  2.3
  7  0.0
  1  0.0
  6  0.0
  0  0.0
  2  0.0
  3  0.0
  4  0.0
  5  0.0
  0  0.0
  6  0.0
  0  0.0
%CPU     %MEM    
 107  1.0
PSR %CPU
  0  5.7
  6  0.0
  6  0.0
  5 77.8
  3  2.4
  5  2.3
  7  2.3
  4  0.0
  6  0.0
  2  0.0
  1  0.0
%CPU     %MEM    
 108  1.0
PSR %CPU
  7  5.7
  0  0.0
  4  0.0
  5 77.8
  5  2.4
  2  2.3
  1  2.3
  6  0.0
  0  0.0
  3  0.0
  3  0.0
%CPU     %MEM    
 107  1.0
PSR %CPU
  3  5.9
  6  0.0
  6  0.0
  2 77.0
  4  2.4
  1  2.4
  6  2.4
  0  0.0
  5  0.0
  7  0.0
  2  0.0
%CPU     %MEM    
 107  1.0
PSR %CPU
  3  5.9
  2  0.0
  6  0.0
  3 77.2
  4  2.4
  5  2.4
  6  2.4
  0  0.0
  2  0.0
  1  0.0
  7  0.0
%CPU     %MEM    
 108  1.0
PSR %CPU
  2  6.0
  7  0.0
  0  0.0
  3 77.1
  3  2.4
  0  2.4
  1  2.4
  7  0.0
  4  0.0
  5  0.0
  6  0.0
%CPU     %MEM    
 108  1.1
PSR %CPU
  2  6.0
  7  0.0
  0  0.0
  3 77.2
  3  2.4
  0  2.4
  1  2.4
  4  0.0
  5  0.0
  7  0.0
  6  0.0
  1  0.0
  3  0.0
  0  0.0
  5  0.0
  6  0.0
  4  0.0
  3  0.0
%CPU     %MEM    
 108  1.0
PSR %CPU
  7  6.1
  2  0.0
  0  0.0
  3 77.0
  5  2.4
  1  2.4
  6  2.4
  2  0.0
  4  0.0
  3  0.0
  4  0.0
  3  0.0
  7  0.0
  4  0.0
  4  0.0
  4  0.0
  3  0.0
  7  0.0
%CPU     %MEM    
 108  1.0
PSR %CPU
  3  6.1
  3  0.0
  2  0.0
  4 77.1
  5  2.4
  2  2.4
  7  2.4
  6  0.0
  4  0.0
  0  0.0
  1  0.0
%CPU     %MEM    
 108  1.0
PSR %CPU
  6  6.2
  5  0.0
  1  0.0
  2 76.7
  2  2.4
  0  2.4
  7  2.4
  4  0.0
  3  0.0
  5  0.0
  1  0.0
%CPU     %MEM    
 108  1.0
PSR %CPU
  6  6.1
  5  0.0
  1  0.0
  2 76.9
  2  2.4
  0  2.4
  7  2.4
  4  0.0
  3  0.0
  5  0.0
  1  0.0
%CPU     %MEM    
 108  1.0
PSR %CPU
  6  6.1
  5  0.0
  1  0.0
  2 77.0
  2  2.4
  0  2.4
  7  2.4
  4  0.0
  3  0.0
  5  0.0
  1  0.0
%CPU     %MEM    
 108  1.0
PSR %CPU
  6  6.1
  6  0.0
  1  0.0
  2 77.1
  0  2.4
  3  2.4
  7  2.4
  4  0.0
  7  0.0
  2  0.0
  5  0.0
  0  0.0
  5  0.0
  0  0.0
  5  0.0
  3  0.0
  5  0.0
  3  0.0
%CPU     %MEM    
 108  1.0
PSR %CPU
  3  6.2
  4  0.0
  1  0.0
  2 77.0
  2  2.4
  1  2.4
  4  2.4
%CPU     %MEM    
 108  1.0
PSR %CPU
  3  6.2
  7  0.0
  4  0.0
  2 77.0
  4  2.4
  2  2.4
  7  2.4
  0  0.0
  5  0.0
  6  0.0
  1  0.0
%CPU     %MEM    
 108  1.0
PSR %CPU
  3  6.2
  7  0.0
  4  0.0
  2 76.9
  4  2.4
  2  2.4
  7  2.4
  0  0.0
  5  0.0
  6  0.0
  1  0.0
%CPU     %MEM    
 108  1.0
PSR %CPU
  2  6.3
  0  0.0
  5  0.0
  3 76.8
  0  2.4
  3  2.4
  7  2.4
  1  0.0
  4  0.0
  5  0.0
  6  0.0
%CPU     %MEM    
 108  1.1
PSR %CPU
  2  6.3
  0  0.0
  5  0.0
  3 76.9
  0  2.4
  3  2.4
  1  2.4
  5  0.0
  4  0.0
  7  0.0
  6  0.0
  0  0.0
  1  0.0
  2  0.0
  3  0.0
  6  0.0
  6  0.0
  5  0.0
%CPU     %MEM    
 108  1.1
PSR %CPU
  5  6.4
  0  0.0
  0  0.0
  3 76.8
  6  2.4
  0  2.4
  7  2.4
  3  0.0
  4  0.0
  2  0.0
  1  0.0
  5  0.0
  6  0.0
  7  0.0
  0  0.0
  1  0.0
  5  0.0
  6  0.0
%CPU     %MEM    
 108  1.1
PSR %CPU
  3  6.5
  2  0.0
  7  0.0
  3 76.6
  4  2.4
  5  2.4
  2  2.4
%CPU     %MEM    
 108  1.1
PSR %CPU
  6  6.6
  7  0.0
  0  0.0
  3 76.1
  0  2.5
  2  2.4
  1  2.4
  3  0.0
  4  0.0
  7  0.0
  2  0.0
%CPU     %MEM    
 108  1.1
PSR %CPU
  6  6.5
  7  0.0
  0  0.0
  3 76.3
  0  2.4
  2  2.4
  1  2.4
  3  0.0
  4  0.0
  7  0.0
  2  0.0
%CPU     %MEM    
 108  1.1
PSR %CPU
  0  6.7
  4  0.0
  1  0.0
  3 76.1
  2  2.5
  5  2.5
  3  2.5
  7  0.0
  1  0.0
  6  0.0
  4  0.0
%CPU     %MEM    
 108  1.1
PSR %CPU
  0  6.7
  4  0.0
  1  0.0
  3 76.2
  7  2.5
  1  2.5
  6  2.5
  2  0.0
  4  0.0
  3  0.0
  5  0.0
%CPU     %MEM    
 108  1.1
PSR %CPU
  0  6.7
  4  0.0
  2  0.0
  3 76.2
  3  2.5
  2  2.5
  1  2.5
  5  0.0
  7  0.0
  4  0.0
  2  0.0
  1  0.0
  3  0.0
  4  0.0
  2  0.0
  3  0.0
  1  0.0
  2  0.0
%CPU     %MEM    
 108  1.1
PSR %CPU
  7  6.9
  1  0.0
  1  0.0
  3 76.1
  1  2.5
  2  2.5
  4  2.5
  2  0.0
  5  0.0
  3  0.0
  0  0.0
%CPU     %MEM    
 108  1.1
PSR %CPU
  6  6.9
  0  0.0
  2  0.0
  3 75.6
  2  2.5
  7  2.5
  1  2.5
  3  0.0
  5  0.0
  0  0.0
  4  0.0
%CPU     %MEM    
 108  1.1
PSR %CPU
  4  7.0
  7  0.0
  6  0.0
  3 75.6
  3  2.5
  6  2.5
  0  2.5
  2  0.0
  5  0.0
  7  0.0
  1  0.0
%CPU     %MEM    
 108  1.1
PSR %CPU
  4  7.0
  7  0.0
  6  0.0
  3 75.7
  3  2.5
  6  2.5
  0  2.5
  2  0.0
  5  0.0
  7  0.0
  1  0.0
%CPU     %MEM    
 108  1.1
PSR %CPU
  4  7.0
  7  0.0
  0  0.0
  3 75.9
  3  2.5
  6  2.5
  0  2.5
  2  0.0
  5  0.0
  7  0.0
  1  0.0
%CPU     %MEM    
 108  1.1
PSR %CPU
  6  7.0
  7  0.0
  0  0.0
  3 75.9
  5  2.5
  7  2.5
  4  2.5
  0  0.0
  3  0.0
  1  0.0
  2  0.0
  5  0.0
  4  0.0
  7  0.0
  1  0.0
  2  0.0
  2  0.0
  2  0.0
%CPU     %MEM    
 108  1.1
PSR %CPU
  6  7.0
  0  0.0
  0  0.0
  3 76.0
  0  2.5
  1  2.5
  7  2.5
  4  0.0
  3  0.0
  2  0.0
  5  0.0
%CPU     %MEM    
 108  1.1
PSR %CPU
  0  7.1
  0  0.0
  0  0.0
  3 75.6
  7  2.5
  4  2.5
  1  2.5
  2  0.0
  5  0.0
  3  0.0
  6  0.0
%CPU     %MEM    
 108  1.1
PSR %CPU
  0  7.0
  0  0.0
  0  0.0
  3 75.8
  7  2.5
  4  2.5
  1  2.5
  2  0.0
  5  0.0
  3  0.0
  6  0.0
%CPU     %MEM    
 108  1.1
PSR %CPU
  0  7.0
  0  0.0
  0  0.0
  3 76.0
  7  2.5
  4  2.5
  1  2.5
  2  0.0
  5  0.0
  3  0.0
  6  0.0
%CPU     %MEM    
 108  1.1
PSR %CPU
  1  7.0
  2  0.0
  2  0.0
  3 76.1
  0  2.5
  6  2.5
  3  2.5
%CPU     %MEM    
 108  1.1
PSR %CPU
  4  7.2
  4  0.0
  5  0.0
  3 75.8
  6  2.5
  5  2.5
  7  2.5
  1  0.0
  2  0.0
  0  0.0
  3  0.0
%CPU     %MEM    
 108  1.1
PSR %CPU
  4  7.1
  4  0.0
  5  0.0
  3 76.0
  6  2.5
  5  2.5
  7  2.5
  1  0.0
  2  0.0
  0  0.0
  3  0.0
%CPU     %MEM    
 108  1.1
PSR %CPU
  1  7.2
  3  0.0
  1  0.0
  3 75.5
  7  2.5
  0  2.5
  6  2.5
%CPU     %MEM    
 108  1.1
PSR %CPU
  4  7.3
  5  0.0
  6  0.0
  3 75.6
  3  2.5
  5  2.5
  2  2.5
  1  0.0
  6  0.0
  7  0.0
  0  0.0
%CPU     %MEM    
 108  1.1
PSR %CPU
  3  7.4
  1  0.0
  7  0.0
  4 75.5
  5  2.5
  1  2.5
  4  2.5
  0  0.0
  7  0.0
  6  0.0
  2  0.0
%CPU     %MEM    
 108  1.1
PSR %CPU
  4  7.4
  3  0.0
  0  0.0
  4 75.5
  2  2.5
  7  2.5
  1  2.5
  3  0.0
  5  0.0
  0  0.0
  7  0.0
  1  0.0
  2  0.0
  0  0.0
  2  0.0
  7  0.0
  6  0.0
  6  0.0
%CPU     %MEM    
 109  1.1
PSR %CPU
  2  7.5
  0  0.0
  1  0.0
  4 75.4
  4  2.5
  1  2.5
  7  2.5
  3  0.0
  5  0.0
  0  0.0
  6  0.0
  1  0.0
  7  0.0
  4  0.0
  5  0.0
  6  0.0
  6  0.0
  6  0.0
%CPU     %MEM    
 108  1.1
PSR %CPU
  1  7.5
  0  0.0
  1  0.0
  4 75.2
  5  2.5
  6  2.5
  2  2.5
  3  0.0
  7  0.0
  0  0.0
  4  0.0
%CPU     %MEM    
 108  1.1
PSR %CPU
  2  7.6
  5  0.0
  1  0.0
  4 75.1
  0  2.5
  4  2.5
  5  2.5
  3  0.0
  1  0.0
  6  0.0
  7  0.0
%CPU     %MEM    
 108  1.1
PSR %CPU
  2  7.5
  5  0.0
  1  0.0
  4 75.3
  0  2.5
  4  2.5
  5  2.5
  3  0.0
  1  0.0
  6  0.0
  7  0.0
%CPU     %MEM    
 108  1.1
PSR %CPU
  2  7.6
  0  0.0
  3  0.0
  6 75.2
  7  2.5
  1  2.5
  0  2.5
  4  0.0
  5  0.0
  3  0.0
  6  0.0
  7  0.0
  0  0.0
  1  0.0
  2  0.0
  6  0.0
  6  0.0
  6  0.0
%CPU     %MEM    
 109  1.1
PSR %CPU
  3  7.7
  1  0.0
  4  0.0
  6 75.2
  0  2.6
  6  2.5
  1  2.5
  2  0.0
  5  0.0
  4  0.0
  7  0.0
%CPU     %MEM    
 109  1.1
PSR %CPU
  5  7.8
  1  0.0
  5  0.0
  6 75.2
  2  2.6
  0  2.6
  1  2.5
%CPU     %MEM    
 108  1.1
PSR %CPU
  3  7.9
  5  0.0
  2  0.0
  6 74.6
  4  2.6
  7  2.6
  2  2.5
%CPU     %MEM    
 109  1.1
PSR %CPU
  1  8.1
  6  0.0
  7  0.0
  6 74.3
  0  2.6
  2  2.6
  7  2.6
  3  0.0
  4  0.0
  6  0.0
  5  0.0
  0  0.0
  7  0.0
  2  0.0
  4  0.0
  5  0.0
  5  0.0
  5  0.0
%CPU     %MEM    
 109  1.1
PSR %CPU
  2  8.3
  7  0.1
  1  0.0
  6 74.0
  5  2.6
  3  2.6
  6  2.6
  0  0.0
  6  0.0
  1  0.0
  4  0.0
%CPU     %MEM    
 109  1.2
PSR %CPU
  4  8.5
  6  0.1
  1  0.1
  6 73.7
  6  2.7
  5  2.7
  0  2.6
  2  0.0
  7  0.0
  1  0.0
  3  0.0
%CPU     %MEM    
 109  1.1
PSR %CPU
  2  8.5
  4  0.0
  4  0.0
  6 73.7
  1  2.7
  0  2.7
  7  2.7
  6  0.0
  3  0.0
  4  0.0
  5  0.0
%CPU     %MEM    
 109  1.1
PSR %CPU
  6  8.6
  7  0.1
  7  0.0
  6 73.7
  2  2.7
  4  2.7
  5  2.7
  7  0.0
  1  0.0
  2  0.0
  0  0.0
%CPU     %MEM    
 109  1.1
PSR %CPU
  6  8.6
  0  0.1
  0  0.0
  7 73.6
  2  2.7
  4  2.7
  5  2.6
  7  0.0
  1  0.0
  2  0.0
  0  0.0
%CPU     %MEM    
 109  1.1
PSR %CPU
  6  8.5
  0  0.1
  0  0.0
  7 73.7
  2  2.7
  4  2.7
  5  2.6
  7  0.0
  1  0.0
  2  0.0
  0  0.0
%CPU     %MEM    
 109  1.2
PSR %CPU
  5  8.6
  0  0.1
  1  0.0
  2 73.7
  7  2.7
  6  2.7
  0  2.6
  4  0.0
  3  0.0
  2  0.0
  1  0.0
  0  0.0
  4  0.0
  3  0.0
  7  0.0
  2  0.0
  7  0.0
  2  0.0
%CPU     %MEM    
 109  1.1
PSR %CPU
  5  8.7
  3  0.1
  1  0.0
  3 73.5
  3  2.7
  0  2.7
  7  2.7
  4  0.0
  3  0.0
  1  0.0
  6  0.0
  0  0.0
  7  0.0
  4  0.0
  6  0.0
  7  0.0
  0  0.0
  6  0.0
%CPU     %MEM    
 109  1.1
PSR %CPU
  0  8.8
  4  0.1
  5  0.0
  3 73.5
  1  2.7
  3  2.7
  2  2.7
  6  0.0
  7  0.0
  5  0.0
  4  0.0
%CPU     %MEM    
 109  1.1
PSR %CPU
  4  8.8
  1  0.1
  5  0.1
  3 73.2
  6  2.7
  0  2.7
  5  2.7
  6  0.0
  7  0.0
  1  0.0
  3  0.0
%CPU     %MEM    
 109  1.1
PSR %CPU
  4  8.9
  6  0.1
  7  0.0
  5 73.1
  5  2.7
  2  2.7
  3  2.7
  1  0.0
  6  0.0
  7  0.0
  0  0.0
%CPU     %MEM    
 109  1.1
PSR %CPU
  5  9.0
  0  0.1
  4  0.0
  7 73.0
  6  2.7
  3  2.7
  1  2.7
  2  0.0
  0  0.0
  7  0.0
  4  0.0
%CPU     %MEM    
 109  1.2
PSR %CPU
  2  9.1
  1  0.1
  0  0.0
  7 72.9
  1  2.7
  6  2.7
  0  2.7
  7  0.0
  4  0.0
  5  0.0
  3  0.0
%CPU     %MEM    
 109  1.2
PSR %CPU
  2  9.1
  5  0.1
  3  0.0
  7 73.0
  5  2.7
  7  2.7
  1  2.7
  3  0.0
  0  0.0
  6  0.0
  4  0.0
%CPU     %MEM    
 110  1.2
PSR %CPU
  2  9.2
  7  0.1
  3  0.0
  7 72.9
  1  2.8
  0  2.7
  4  2.7
  6  0.0
  5  0.0
  7  0.0
  6  0.0
%CPU     %MEM    
 109  1.2
PSR %CPU
  7  9.4
  7  0.1
  3  0.1
  7 72.4
  3  2.8
  6  2.7
  0  2.7
  2  0.0
  5  0.0
  4  0.0
  1  0.0
%CPU     %MEM    
 110  1.2
PSR %CPU
  4  9.6
  0  0.1
  6  0.1
  7 72.1
  5  2.8
  2  2.8
  0  2.8
  3  0.0
  1  0.0
  6  0.0
  7  0.0
%CPU     %MEM    
 110  1.2
PSR %CPU
  6  9.6
  1  0.1
  0  0.1
  7 72.0
  0  2.8
  2  2.8
  5  2.8
  3  0.0
  1  0.0
  4  0.0
  7  0.0
%CPU     %MEM    
 110  1.2
PSR %CPU
  6  9.6
  1  0.1
  0  0.1
  7 72.2
  0  2.8
  2  2.8
  5  2.8
  3  0.0
  1  0.0
  4  0.0
  7  0.0
%CPU     %MEM    
 110  1.2
PSR %CPU
  4  9.6
  1  0.1
  0  0.0
  7 72.2
  0  2.8
  1  2.8
  3  2.8
  2  0.0
  6  0.0
  5  0.0
  0  0.0
%CPU     %MEM    
 110  1.2
PSR %CPU
  4  9.7
  1  0.1
  1  0.0
  7 72.2
  7  2.8
  5  2.8
  0  2.8
  6  0.0
  1  0.0
  3  0.0
  2  0.0
%CPU     %MEM    
 110  1.2
PSR %CPU
  1  9.7
  2  0.1
  2  0.0
  7 71.9
  4  2.8
  0  2.8
  3  2.8
  2  0.0
  7  0.0
  6  0.0
  5  0.0
%CPU     %MEM    
 110  1.2
PSR %CPU
  1  9.7
  4  0.1
  2  0.0
  7 72.0
  4  2.8
  0  2.8
  3  2.8
  2  0.0
  7  0.0
  6  0.0
  5  0.0
%CPU     %MEM    
 110  1.2
PSR %CPU
  1  9.6
  4  0.1
  2  0.0
  7 72.2
  4  2.8
  0  2.7
  3  2.7
  2  0.0
  7  0.0
  6  0.0
  5  0.0
%CPU     %MEM    
 110  1.2
PSR %CPU
  1  9.6
  5  0.1
  2  0.0
  7 72.3
  4  2.8
  0  2.7
  3  2.7
  2  0.0
  7  0.0
  6  0.0
  5  0.0
%CPU     %MEM    
 110  1.2
PSR %CPU
  1  9.6
  5  0.1
  2  0.0
  7 72.5
  4  2.8
  0  2.7
  3  2.7
  2  0.0
  7  0.0
  6  0.0
  5  0.0
%CPU     %MEM    
 110  1.2
PSR %CPU
  5  9.6
  1  0.1
  3  0.1
  7 72.4
  6  2.8
  0  2.7
  7  2.7
  4  0.0
  3  0.0
  1  0.0
  1  0.0
  2  0.0
  6  0.0
  7  0.0
  0  0.0
  1  0.0
  1  0.0
  6  0.0
%CPU     %MEM    
 109  1.2
PSR %CPU
  0  9.6
  1  0.1
  3  0.0
  7 72.3
  6  2.8
  4  2.7
  7  2.7
  5  0.0
  2  0.0
  3  0.0
  1  0.0
%CPU     %MEM    
 109  1.2
PSR %CPU
  4  9.7
  1  0.1
  1  0.0
  7 72.2
  3  2.8
  6  2.7
  0  2.7
  5  0.0
  7  0.0
  2  0.0
  1  0.0
%CPU     %MEM    
 110  1.2
PSR %CPU
  1  9.8
  2  0.1
  2  0.0
  7 72.1
  7  2.8
  4  2.7
  6  2.7
  3  0.0
  0  0.0
  2  0.0
  5  0.0
%CPU     %MEM    
 110  1.2
PSR %CPU
  1  9.8
  3  0.1
  6  0.0
  7 72.2
  7  2.8
  4  2.7
  2  2.7
  0  0.0
  6  0.0
  3  0.0
  5  0.0
