%CPU     %MEM    
 0.0  0.0
PSR %CPU
  2  0.0
  0  0.0
  1  0.0
  1  0.0
  3  0.0
  0  0.0
  5  0.0
  7  0.0
  0  0.0
  6  0.0
  1  0.0
%CPU     %MEM    
 139  0.2
PSR %CPU
  2  4.0
  0  0.0
  2  0.0
  6  112
  3  3.0
  4  3.0
  5  3.0
  3  0.0
  1  0.0
  7  0.0
  0  0.0
%CPU     %MEM    
 129  0.4
PSR %CPU
  2  2.0
  1  0.0
  2  0.0
  6  115
  3  1.5
  4  1.5
  5  1.5
  3  0.0
  1  0.0
  7  0.0
  0  0.0
%CPU     %MEM    
 125  0.6
PSR %CPU
  2  1.3
  1  0.0
  2  0.0
  6  116
  3  1.0
  4  1.0
  5  1.0
  3  0.0
  1  0.0
  7  0.0
  0  0.0
%CPU     %MEM    
98.6  0.7
PSR %CPU
  2  0.8
  3  0.0
  2  0.0
  6 93.0
  3  0.6
  4  0.6
  5  0.6
  3  0.0
  1  0.0
  7  0.0
  0  0.0
%CPU     %MEM    
 101  0.7
PSR %CPU
  2  0.6
  3  0.0
  2  0.0
  6 97.0
  3  0.5
  4  0.5
  5  0.5
  3  0.0
  1  0.0
  7  0.0
  0  0.0
%CPU     %MEM    
 104  0.7
PSR %CPU
  2  0.5
  3  0.0
  2  0.0
  6  100
  3  0.4
  4  0.4
  5  0.4
  3  0.0
  1  0.0
  7  0.0
  0  0.0
%CPU     %MEM    
 105  0.7
PSR %CPU
  2  0.5
  3  0.0
  2  0.0
  6  102
  3  0.3
  4  0.3
  5  0.3
  3  0.0
  1  0.0
  7  0.0
  0  0.0
%CPU     %MEM    
 106  0.7
PSR %CPU
  2  0.4
  3  0.0
  2  0.0
  6  103
  3  0.3
  4  0.3
  5  0.3
  3  0.0
  1  0.0
  7  0.0
  0  0.0
%CPU     %MEM    
 107  0.7
PSR %CPU
  2  0.4
  3  0.0
  2  0.0
  6  105
  3  0.3
  4  0.3
  5  0.3
  3  0.0
  1  0.0
  7  0.0
  0  0.0
%CPU     %MEM    
99.7  0.7
PSR %CPU
  2  0.3
  3  0.0
  2  0.0
  6 97.4
  3  0.2
  4  0.2
  5  0.2
  3  0.0
  1  0.0
  7  0.0
  0  0.0
%CPU     %MEM    
 101  0.7
PSR %CPU
  2  0.3
  3  0.0
  2  0.0
  6 99.0
  3  0.2
  4  0.2
  5  0.2
  3  0.0
  1  0.0
  7  0.0
  0  0.0
%CPU     %MEM    
 102  0.7
PSR %CPU
  2  0.2
  3  0.0
  2  0.0
  6  100
  3  0.2
  4  0.2
  5  0.2
  3  0.0
  1  0.0
  7  0.0
  0  0.0
%CPU     %MEM    
 103  0.7
PSR %CPU
  2  0.2
  3  0.0
  2  0.0
  6  101
  3  0.2
  4  0.2
  5  0.2
  3  0.0
  1  0.0
  7  0.0
  0  0.0
%CPU     %MEM    
 104  0.7
PSR %CPU
  2  0.2
  3  0.0
  2  0.0
  6  102
  3  0.1
  4  0.1
  5  0.1
  3  0.0
  1  0.0
  7  0.0
  0  0.0
%CPU     %MEM    
 104  0.7
PSR %CPU
  2  0.2
  3  0.0
  2  0.0
  6  103
  3  0.1
  4  0.1
  5  0.1
  3  0.0
  1  0.0
  7  0.0
  0  0.0
%CPU     %MEM    
 101  0.7
PSR %CPU
  4  0.3
  5  0.0
  0  0.0
  4 96.6
  3  0.3
  6  0.2
  1  0.3
  7  0.0
  0  0.0
  2  0.0
  5  0.0
%CPU     %MEM    
 102  0.7
PSR %CPU
  4  0.3
  5  0.0
  0  0.0
  4 97.7
  3  0.3
  6  0.2
  1  0.3
  7  0.0
  0  0.0
  2  0.0
  5  0.0
%CPU     %MEM    
 103  0.7
PSR %CPU
  4  0.3
  5  0.0
  0  0.0
  4 98.6
  3  0.2
  6  0.2
  1  0.2
  7  0.0
  0  0.0
  2  0.0
  5  0.0
%CPU     %MEM    
 104  0.7
PSR %CPU
  5  0.4
  7  0.0
  1  0.0
  4 98.5
  2  0.3
  1  0.3
  6  0.3
%CPU     %MEM    
 105  0.7
PSR %CPU
  1  0.4
  1  0.0
  2  0.0
  4 98.7
  4  0.3
  6  0.3
  3  0.3
  2  0.0
  0  0.0
  5  0.0
  7  0.0
%CPU     %MEM    
 102  0.7
PSR %CPU
  6  0.5
  0  0.0
  4  0.0
  2 93.4
  3  0.5
  5  0.5
  4  0.5
%CPU     %MEM    
 103  0.7
PSR %CPU
  0  0.6
  1  0.0
  3  0.0
  0 93.5
  1  0.6
  7  0.5
  6  0.6
  3  0.0
  5  0.0
  4  0.0
  2  0.0
%CPU     %MEM    
 104  0.7
PSR %CPU
  3  0.7
  2  0.0
  2  0.0
  3 92.9
  4  0.7
  2  0.7
  1  0.7
  6  0.0
  0  0.0
  7  0.0
  5  0.0
%CPU     %MEM    
 105  0.7
PSR %CPU
  3  0.7
  2  0.0
  2  0.0
  1 93.4
  4  0.7
  6  0.6
  1  0.7
  0  0.0
  7  0.0
  2  0.0
  5  0.0
  1  0.0
  4  0.0
  3  0.0
  5  0.0
  6  0.0
  7  0.0
  1  0.0
%CPU     %MEM    
 106  0.7
PSR %CPU
  3  0.7
  3  0.0
  3  0.0
  5 93.6
  0  0.7
  6  0.7
  1  0.7
  7  0.0
  5  0.0
  4  0.0
  2  0.0
%CPU     %MEM    
 106  0.7
PSR %CPU
  7  0.9
  5  0.0
  3  0.0
  3 93.0
  5  0.8
  0  0.8
  2  0.9
  1  0.0
  3  0.0
  6  0.0
  4  0.0
  0  0.0
  4  0.0
  1  0.0
  2  0.0
  5  0.0
  3  0.0
  4  0.0
%CPU     %MEM    
 104  0.7
PSR %CPU
  3  0.9
  0  0.0
  4  0.0
  3 90.2
  1  0.9
  2  0.9
  4  0.9
  0  0.0
  7  0.0
  5  0.0
  6  0.0
%CPU     %MEM    
 105  0.7
PSR %CPU
  4  1.0
  5  0.0
  5  0.0
  4 90.3
  6  1.0
  0  1.0
  3  1.0
  2  0.0
  7  0.0
  1  0.0
  5  0.0
%CPU     %MEM    
 106  0.7
PSR %CPU
  2  1.1
  5  0.0
  6  0.0
  2 90.2
  7  1.0
  1  1.0
  4  1.0
  6  0.0
  3  0.0
  5  0.0
  0  0.0
%CPU     %MEM    
 106  0.7
PSR %CPU
  2  1.0
  5  0.0
  6  0.0
  2 91.0
  7  1.0
  1  1.0
  4  1.0
  6  0.0
  3  0.0
  5  0.0
  0  0.0
%CPU     %MEM    
 106  0.7
PSR %CPU
  2  1.0
  5  0.0
  6  0.0
  2 91.8
  7  1.0
  1  1.0
  4  1.0
  6  0.0
  3  0.0
  5  0.0
  0  0.0
%CPU     %MEM    
 107  0.7
PSR %CPU
  4  1.1
  7  0.0
  6  0.0
  5 91.6
  1  1.1
  3  1.0
  6  1.1
  0  0.0
  7  0.0
  2  0.0
  5  0.0
%CPU     %MEM    
 105  0.7
PSR %CPU
  4  1.1
  0  0.0
  6  0.0
  4 89.3
  7  1.1
  1  1.1
  2  1.1
  5  0.0
  6  0.0
  3  0.0
  0  0.0
%CPU     %MEM    
 106  0.7
PSR %CPU
  5  1.2
  0  0.0
  6  0.0
  5 89.3
  4  1.2
  2  1.2
  1  1.2
  0  0.0
  3  0.0
  6  0.0
  7  0.0
%CPU     %MEM    
 106  0.7
PSR %CPU
  4  1.3
  1  0.0
  6  0.0
  0 89.3
  2  1.2
  7  1.2
  5  1.2
  0  0.0
  6  0.0
  3  0.0
  1  0.0
%CPU     %MEM    
 107  0.7
PSR %CPU
  3  1.3
  2  0.0
  7  0.0
  0 89.5
  5  1.2
  4  1.3
  0  1.3
%CPU     %MEM    
 108  0.8
PSR %CPU
  0  1.7
  2  0.0
  6  0.0
  1 87.9
  7  1.5
  6  1.5
  1  1.6
  2  0.0
  3  0.0
  5  0.0
  4  0.0
  6  0.0
  7  0.0
  1  0.0
  2  0.0
  4  0.0
  1  0.0
  4  0.0
%CPU     %MEM    
 106  0.7
PSR %CPU
  5  1.7
  3  0.0
  6  0.0
  1 86.3
  1  1.5
  0  1.5
  2  1.6
  7  0.0
  6  0.0
  3  0.0
  4  0.0
%CPU     %MEM    
 107  0.7
PSR %CPU
  5  1.7
  3  0.0
  7  0.0
  1 86.9
  1  1.5
  0  1.5
  2  1.5
  7  0.0
  6  0.0
  3  0.0
  4  0.0
%CPU     %MEM    
 107  0.7
PSR %CPU
  5  1.6
  3  0.0
  7  0.0
  1 87.6
  1  1.5
  0  1.5
  2  1.5
  7  0.0
  6  0.0
  3  0.0
  4  0.0
%CPU     %MEM    
 107  0.8
PSR %CPU
  2  1.9
  6  0.0
  5  0.0
  1 86.0
  1  1.6
  4  1.6
  3  1.7
  0  0.0
  5  0.0
  6  0.0
  0  0.0
  6  0.0
  0  0.0
  1  0.0
  3  0.0
  0  0.0
  4  0.0
  4  0.0
%CPU     %MEM    
 108  0.8
PSR %CPU
  6  1.9
  6  0.0
  5  0.0
  1 86.4
  1  1.6
  0  1.6
  7  1.7
  4  0.0
  2  0.0
  5  0.0
  3  0.0
%CPU     %MEM    
 108  0.8
PSR %CPU
  6  1.9
  6  0.0
  5  0.0
  1 87.1
  1  1.6
  0  1.6
  7  1.6
  4  0.0
  2  0.0
  5  0.0
  3  0.0
%CPU     %MEM    
 106  0.8
PSR %CPU
  6  1.8
  6  0.0
  5  0.0
  1 86.0
  1  1.5
  0  1.5
  7  1.6
  4  0.0
  2  0.0
  5  0.0
  3  0.0
%CPU     %MEM    
 106  0.8
PSR %CPU
  6  1.8
  7  0.0
  5  0.0
  1 86.6
  1  1.5
  0  1.5
  7  1.5
  4  0.0
  2  0.0
  5  0.0
  3  0.0
%CPU     %MEM    
 106  0.8
PSR %CPU
  6  1.7
  7  0.0
  5  0.0
  1 87.2
  1  1.5
  0  1.5
  7  1.5
  4  0.0
  2  0.0
  5  0.0
  3  0.0
%CPU     %MEM    
 107  0.8
PSR %CPU
  3  1.7
  7  0.0
  5  0.0
  1 87.4
  4  1.5
  2  1.5
  0  1.5
%CPU     %MEM    
 107  0.8
PSR %CPU
  4  1.9
  1  0.0
  5  0.0
  1 87.2
  5  1.6
  6  1.6
  7  1.6
  7  0.0
  3  0.0
  2  0.0
  1  0.0
%CPU     %MEM    
 108  0.8
PSR %CPU
  1  2.0
  3  0.0
  3  0.0
  2 87.1
  2  1.6
  4  1.6
  3  1.6
  7  0.0
  5  0.0
  6  0.0
  0  0.0
%CPU     %MEM    
 106  0.8
PSR %CPU
  1  1.9
  3  0.0
  3  0.0
  2 86.2
  2  1.5
  4  1.5
  3  1.6
  7  0.0
  5  0.0
  6  0.0
  0  0.0
%CPU     %MEM    
 106  0.8
PSR %CPU
  5  2.0
  3  0.0
  4  0.0
  2 86.2
  7  1.6
  2  1.6
  4  1.6
  6  0.0
  1  0.0
  0  0.0
  3  0.0
%CPU     %MEM    
 107  0.8
PSR %CPU
  6  2.0
  3  0.0
  4  0.0
  2 86.6
  7  1.6
  3  1.6
  5  1.6
%CPU     %MEM    
 107  0.8
PSR %CPU
  2  2.0
  4  0.0
  4  0.0
  3 86.7
  4  1.6
  3  1.6
  1  1.6
  7  0.0
  5  0.0
  0  0.0
  6  0.0
%CPU     %MEM    
 107  0.8
PSR %CPU
  2  2.0
  4  0.0
  4  0.0
  3 87.2
  4  1.6
  3  1.6
  1  1.6
  7  0.0
  5  0.0
  0  0.0
  6  0.0
%CPU     %MEM    
 107  0.8
PSR %CPU
  0  2.0
  2  0.0
  5  0.0
  3 85.8
  5  1.6
  1  1.6
  6  1.6
  7  0.0
  2  0.0
  3  0.0
  4  0.0
%CPU     %MEM    
 106  0.8
PSR %CPU
  1  2.1
  5  0.0
  5  0.0
  3 85.8
  3  1.6
  2  1.6
  5  1.6
  4  0.0
  7  0.0
  0  0.0
  6  0.0
%CPU     %MEM    
 106  0.8
PSR %CPU
  1  2.1
  5  0.0
  5  0.0
  3 86.3
  3  1.6
  2  1.6
  5  1.6
  4  0.0
  7  0.0
  0  0.0
  6  0.0
%CPU     %MEM    
 107  0.8
PSR %CPU
  5  2.1
  6  0.0
  6  0.0
  3 86.1
  2  1.6
  3  1.6
  7  1.6
  1  0.0
  0  0.0
  4  0.0
  6  0.0
%CPU     %MEM    
 107  0.8
PSR %CPU
  1  2.2
  6  0.0
  1  0.0
  3 86.2
  3  1.7
  2  1.6
  5  1.7
  5  0.0
  6  0.0
  4  0.0
  7  0.0
%CPU     %MEM    
 108  0.8
PSR %CPU
  1  2.3
  7  0.0
  0  0.0
  3 86.2
  6  1.7
  5  1.7
  7  1.7
  3  0.0
  2  0.0
  4  0.0
  0  0.0
%CPU     %MEM    
 106  0.8
PSR %CPU
  1  2.2
  7  0.0
  0  0.0
  3 85.4
  6  1.6
  5  1.6
  7  1.7
  3  0.0
  2  0.0
  4  0.0
  0  0.0
%CPU     %MEM    
 107  0.8
PSR %CPU
  5  2.3
  1  0.0
  2  0.0
  3 85.5
  1  1.7
  4  1.7
  3  1.7
  6  0.0
  7  0.0
  0  0.0
  2  0.0
%CPU     %MEM    
 107  0.8
PSR %CPU
  5  2.3
  1  0.0
  2  0.0
  3 85.9
  1  1.7
  4  1.7
  3  1.7
  6  0.0
  7  0.0
  0  0.0
  2  0.0
%CPU     %MEM    
 107  0.8
PSR %CPU
  6  2.4
  4  0.0
  6  0.0
  3 85.7
  7  1.7
  0  1.7
  5  1.7
  3  0.0
  1  0.0
  4  0.0
  2  0.0
%CPU     %MEM    
 107  0.8
PSR %CPU
  6  2.3
  4  0.0
  6  0.0
  3 86.1
  7  1.7
  0  1.7
  5  1.7
  3  0.0
  1  0.0
  4  0.0
  2  0.0
%CPU     %MEM    
 108  0.8
PSR %CPU
  6  2.3
  4  0.0
  6  0.0
  3 86.5
  7  1.6
  0  1.6
  5  1.7
  3  0.0
  1  0.0
  4  0.0
  2  0.0
%CPU     %MEM    
 107  0.8
PSR %CPU
  7  2.4
  5  0.0
  4  0.0
  3 85.5
  6  1.6
  5  1.6
  1  1.7
  2  0.0
  4  0.0
  3  0.0
  0  0.0
%CPU     %MEM    
 107  0.8
PSR %CPU
  7  2.3
  6  0.0
  4  0.0
  3 85.9
  6  1.6
  5  1.6
  1  1.6
  2  0.0
  4  0.0
  3  0.0
  0  0.0
%CPU     %MEM    
 107  0.8
PSR %CPU
  7  2.3
  6  0.0
  4  0.0
  3 86.3
  6  1.6
  5  1.6
  1  1.6
  2  0.0
  4  0.0
  3  0.0
  0  0.0
%CPU     %MEM    
 107  0.8
PSR %CPU
  7  2.4
  7  0.0
  4  0.0
  5 86.4
  4  1.6
  2  1.6
  5  1.6
  1  0.0
  0  0.0
  3  0.0
  6  0.0
%CPU     %MEM    
 107  0.8
PSR %CPU
  7  2.3
  7  0.0
  4  0.0
  5 86.8
  4  1.6
  2  1.6
  5  1.6
  1  0.0
  0  0.0
  3  0.0
  6  0.0
%CPU     %MEM    
 108  0.8
PSR %CPU
  1  2.4
  6  0.0
  4  0.0
  5 86.7
  2  1.6
  0  1.6
  3  1.7
  6  0.0
  7  0.0
  4  0.0
  5  0.0
%CPU     %MEM    
 106  0.8
PSR %CPU
  1  2.3
  7  0.0
  7  0.0
  5 86.1
  2  1.6
  0  1.6
  3  1.6
  6  0.0
  7  0.0
  4  0.0
  5  0.0
%CPU     %MEM    
 107  0.8
PSR %CPU
  0  2.4
  7  0.0
  1  0.0
  5 86.1
  7  1.6
  2  1.6
  5  1.6
  1  0.0
  3  0.0
  4  0.0
  6  0.0
%CPU     %MEM    
 107  0.8
PSR %CPU
  0  2.4
  7  0.0
  1  0.0
  5 86.5
  7  1.6
  2  1.6
  5  1.6
  1  0.0
  3  0.0
  4  0.0
  6  0.0
%CPU     %MEM    
 107  0.8
PSR %CPU
  0  2.3
  7  0.0
  1  0.0
  5 86.8
  7  1.6
  2  1.6
  5  1.6
  1  0.0
  3  0.0
  4  0.0
  6  0.0
%CPU     %MEM    
 107  0.8
PSR %CPU
  0  2.4
  1  0.0
  1  0.0
  5 86.7
  7  1.6
  3  1.6
  1  1.6
  6  0.0
  5  0.0
  4  0.0
  2  0.0
%CPU     %MEM    
 106  0.8
PSR %CPU
  7  2.5
  1  0.0
  2  0.0
  5 85.7
  1  1.6
  3  1.6
  2  1.6
  6  0.0
  5  0.0
  4  0.0
  0  0.0
%CPU     %MEM    
 106  0.8
PSR %CPU
  0  2.5
  4  0.0
  6  0.0
  5 85.6
  3  1.6
  7  1.6
  6  1.7
  4  0.0
  5  0.0
  2  0.0
  1  0.0
%CPU     %MEM    
 106  0.8
PSR %CPU
  0  2.5
  4  0.0
  6  0.0
  5 86.0
  3  1.6
  7  1.6
  6  1.6
  4  0.0
  5  0.0
  2  0.0
  1  0.0
%CPU     %MEM    
 107  0.8
PSR %CPU
  0  2.5
  4  0.0
  6  0.0
  5 86.3
  3  1.6
  7  1.6
  6  1.6
  4  0.0
  5  0.0
  2  0.0
  1  0.0
%CPU     %MEM    
 107  0.8
PSR %CPU
  0  2.4
  6  0.0
  6  0.0
  5 86.6
  3  1.6
  7  1.6
  6  1.6
  4  0.0
  5  0.0
  2  0.0
  1  0.0
%CPU     %MEM    
 107  0.8
PSR %CPU
  0  2.4
  6  0.0
  6  0.0
  5 86.9
  3  1.6
  7  1.6
  6  1.6
  4  0.0
  5  0.0
  2  0.0
  1  0.0
%CPU     %MEM    
 106  0.8
PSR %CPU
  5  2.5
  0  0.0
  4  0.0
  6 86.1
  4  1.6
  1  1.6
  7  1.6
  3  0.0
  2  0.0
  0  0.0
  6  0.0
%CPU     %MEM    
 106  0.8
PSR %CPU
  5  2.4
  0  0.0
  4  0.0
  6 86.4
  4  1.6
  1  1.6
  7  1.6
  3  0.0
  2  0.0
  0  0.0
  6  0.0
%CPU     %MEM    
 106  0.8
PSR %CPU
  0  2.5
  0  0.0
  7  0.0
  6 86.3
  4  1.6
  2  1.6
  1  1.6
  6  0.0
  3  0.0
  7  0.0
  5  0.0
%CPU     %MEM    
 106  0.8
PSR %CPU
  5  2.5
  3  0.0
  7  0.0
  6 86.4
  2  1.6
  3  1.6
  4  1.6
  7  0.0
  0  0.0
  1  0.0
  6  0.0
  7  0.0
  3  0.0
  1  0.0
  4  0.0
  6  0.0
  3  0.0
  6  0.0
%CPU     %MEM    
 107  0.8
PSR %CPU
  0  2.5
  3  0.0
  0  0.0
  6 86.6
  2  1.6
  3  1.6
  1  1.6
  5  0.0
  7  0.0
  4  0.0
  6  0.0
%CPU     %MEM    
 107  0.8
PSR %CPU
  2  2.6
  3  0.0
  0  0.0
  6 86.5
  4  1.6
  3  1.6
  6  1.6
  5  0.0
  0  0.0
  1  0.0
  7  0.0
%CPU     %MEM    
 106  0.8
PSR %CPU
  0  2.6
  3  0.0
  1  0.0
  6 85.5
  1  1.6
  3  1.6
  2  1.6
  5  0.0
  4  0.0
  7  0.0
  6  0.0
%CPU     %MEM    
 106  0.8
PSR %CPU
  0  2.6
  4  0.0
  1  0.0
  6 85.8
  1  1.6
  3  1.6
  2  1.6
  5  0.0
  4  0.0
  7  0.0
  6  0.0
%CPU     %MEM    
 106  0.9
PSR %CPU
  1  2.6
  4  0.0
  1  0.0
  6 86.1
  1  1.6
  3  1.6
  2  1.6
%CPU     %MEM    
 106  0.8
PSR %CPU
  1  2.7
  4  0.0
  2  0.0
  6 86.1
  7  1.6
  4  1.6
  6  1.6
  3  0.0
  2  0.0
  5  0.0
  0  0.0
%CPU     %MEM    
 107  0.8
PSR %CPU
  2  2.7
  0  0.0
  2  0.0
  4 86.0
  0  1.6
  6  1.6
  5  1.7
  1  0.0
  7  0.0
  3  0.0
  4  0.0
%CPU     %MEM    
 106  0.9
PSR %CPU
  2  2.7
  0  0.0
  2  0.0
  4 85.5
  0  1.6
  6  1.6
  5  1.6
  1  0.0
  7  0.0
  3  0.0
  4  0.0
%CPU     %MEM    
 106  0.9
PSR %CPU
  2  2.8
  0  0.0
  3  0.0
  4 85.4
  3  1.6
  4  1.6
  5  1.6
  7  0.0
  1  0.0
  6  0.0
  0  0.0
%CPU     %MEM    
 106  0.9
PSR %CPU
  6  2.8
  0  0.0
  4  0.0
  7 85.3
  7  1.7
  1  1.7
  0  1.7
  2  0.0
  5  0.0
  4  0.0
  3  0.0
%CPU     %MEM    
 106  0.9
PSR %CPU
  6  2.9
  0  0.0
  4  0.0
  7 85.2
  4  1.7
  7  1.7
  5  1.7
  1  0.0
  0  0.0
  3  0.0
  2  0.0
  4  0.0
  5  0.0
  7  0.0
  0  0.0
  2  0.0
  5  0.0
  5  0.0
%CPU     %MEM    
 106  0.9
PSR %CPU
  3  3.0
  2  0.0
  0  0.0
  7 85.0
  7  1.7
  7  1.7
  6  1.7
  0  0.0
  1  0.0
  5  0.0
  2  0.0
%CPU     %MEM    
 107  0.9
PSR %CPU
  3  3.0
  2  0.0
  0  0.0
  7 85.2
  4  1.7
  1  1.7
  6  1.7
  0  0.0
  5  0.0
  7  0.0
  2  0.0
%CPU     %MEM    
 106  0.9
PSR %CPU
  3  3.0
  2  0.0
  0  0.0
  7 84.7
  4  1.7
  1  1.7
  6  1.7
  0  0.0
  5  0.0
  7  0.0
  2  0.0
%CPU     %MEM    
 106  0.9
PSR %CPU
  6  3.1
  3  0.0
  0  0.0
  7 84.7
  0  1.7
  1  1.7
  5  1.7
  4  0.0
  2  0.0
  3  0.0
  7  0.0
%CPU     %MEM    
 106  0.9
PSR %CPU
  6  3.0
  3  0.0
  0  0.0
  7 84.9
  0  1.7
  1  1.7
  5  1.7
  4  0.0
  2  0.0
  3  0.0
  7  0.0
%CPU     %MEM    
 106  0.9
PSR %CPU
  3  3.0
  4  0.0
  1  0.0
  7 85.1
  2  1.7
  7  1.7
  6  1.7
  5  0.0
  7  0.0
  4  0.0
  1  0.0
  1  0.0
  7  0.0
  3  0.0
  1  0.0
  1  0.0
  5  0.0
  5  0.0
%CPU     %MEM    
 106  0.9
PSR %CPU
  0  3.1
  5  0.0
  1  0.0
  7 85.2
  5  1.7
  2  1.7
  3  1.7
  6  0.0
  7  0.0
  4  0.0
  1  0.0
%CPU     %MEM    
 107  0.9
PSR %CPU
  0  3.1
  6  0.0
  0  0.0
  7 85.1
  6  1.7
  5  1.7
  7  1.7
  1  0.0
  2  0.0
  4  0.0
  3  0.0
%CPU     %MEM    
 106  0.9
PSR %CPU
  0  3.1
  6  0.0
  0  0.0
  7 84.6
  6  1.7
  5  1.7
  7  1.7
  1  0.0
  2  0.0
  4  0.0
  3  0.0
%CPU     %MEM    
 106  0.9
PSR %CPU
  0  3.1
  0  0.0
  0  0.0
  7 84.9
  6  1.7
  5  1.7
  7  1.7
  1  0.0
  2  0.0
  4  0.0
  3  0.0
%CPU     %MEM    
 106  0.9
PSR %CPU
  0  3.0
  2  0.0
  0  0.0
  7 85.1
  6  1.7
  5  1.7
  7  1.7
  1  0.0
  2  0.0
  4  0.0
  3  0.0
%CPU     %MEM    
 106  0.9
PSR %CPU
  4  3.1
  2  0.0
  0  0.0
  7 85.2
  6  1.7
  1  1.7
  0  1.7
  7  0.0
  3  0.0
  2  0.0
  4  0.0
%CPU     %MEM    
 106  0.9
PSR %CPU
  5  3.2
  3  0.0
  5  0.0
  0 85.0
  4  1.7
  2  1.7
  0  1.7
  7  0.0
  3  0.0
  6  0.0
  1  0.0
%CPU     %MEM    
 106  0.9
PSR %CPU
  5  3.1
  3  0.0
  5  0.0
  0 84.6
  4  1.7
  2  1.7
  0  1.7
  7  0.0
  3  0.0
  6  0.0
  1  0.0
%CPU     %MEM    
 106  0.9
PSR %CPU
  5  3.2
  3  0.0
  6  0.0
  0 84.6
  0  1.7
  4  1.7
  7  1.7
  6  0.0
  2  0.0
  3  0.0
  1  0.0
%CPU     %MEM    
 106  0.9
PSR %CPU
  5  3.2
  3  0.0
  6  0.0
  0 84.9
  0  1.7
  4  1.7
  7  1.7
  6  0.0
  2  0.0
  3  0.0
  1  0.0
%CPU     %MEM    
 106  0.9
PSR %CPU
  7  3.2
  4  0.0
  6  0.0
  0 84.8
  4  1.7
  2  1.7
  0  1.7
  1  0.0
  5  0.0
  3  0.0
  6  0.0
%CPU     %MEM    
 106  0.9
PSR %CPU
  7  3.2
  4  0.0
  6  0.0
  0 85.0
  4  1.7
  2  1.7
  0  1.7
  1  0.0
  5  0.0
  3  0.0
  6  0.0
%CPU     %MEM    
 106  0.9
PSR %CPU
  6  3.3
  6  0.0
  6  0.0
  0 84.9
  6  1.7
  7  1.7
  4  1.7
  0  0.0
  3  0.0
  1  0.0
  2  0.0
%CPU     %MEM    
 106  0.9
PSR %CPU
  2  3.5
  0  0.0
  0  0.0
  0 83.7
  3  1.8
  7  1.7
  4  1.8
  6  0.0
  6  0.0
  0  0.0
  5  0.0
%CPU     %MEM    
 106  0.9
PSR %CPU
  5  3.5
  1  0.0
  1  0.0
  0 83.9
  1  1.8
  2  1.7
  7  1.8
  6  0.0
  4  0.0
  0  0.0
  3  0.0
%CPU     %MEM    
 106  0.9
PSR %CPU
  4  3.6
  3  0.0
  5  0.0
  0 83.8
  0  1.8
  7  1.8
  5  1.8
  6  0.0
  1  0.0
  3  0.0
  2  0.0
%CPU     %MEM    
 106  0.9
PSR %CPU
  1  3.6
  3  0.0
  7  0.0
  0 83.8
  3  1.8
  4  1.8
  5  1.8
  2  0.0
  6  0.0
  0  0.0
  7  0.0
%CPU     %MEM    
 106  0.9
PSR %CPU
  1  3.6
  3  0.0
  7  0.0
  0 84.0
  3  1.8
  4  1.8
  5  1.8
  2  0.0
  6  0.0
  0  0.0
  7  0.0
%CPU     %MEM    
 107  0.9
PSR %CPU
  1  3.7
  4  0.0
  1  0.0
  0 84.0
  4  1.8
  5  1.8
  3  1.8
  0  0.0
  7  0.0
  5  0.0
  6  0.0
%CPU     %MEM    
 106  0.9
PSR %CPU
  1  3.6
  4  0.0
  1  0.0
  0 83.6
  4  1.8
  5  1.8
  3  1.8
  0  0.0
  7  0.0
  5  0.0
  6  0.0
%CPU     %MEM    
 106  0.9
PSR %CPU
  3  3.7
  4  0.0
  1  0.0
  0 83.6
  6  1.8
  1  1.8
  5  1.8
  2  0.0
  7  0.0
  0  0.0
  4  0.0
%CPU     %MEM    
 106  0.9
PSR %CPU
  0  3.7
  4  0.0
  1  0.0
  0 83.8
  6  1.8
  1  1.8
  5  1.8
%CPU     %MEM    
 106  0.9
PSR %CPU
  3  3.7
  4  0.0
  2  0.0
  0 83.8
  2  1.8
  4  1.8
  5  1.8
  1  0.0
  0  0.0
  7  0.0
  6  0.0
%CPU     %MEM    
 106  0.9
PSR %CPU
  3  3.7
  4  0.0
  2  0.0
  4 84.0
  2  1.8
  4  1.8
  5  1.8
  1  0.0
  0  0.0
  7  0.0
  6  0.0
%CPU     %MEM    
 106  0.9
PSR %CPU
  5  3.7
  5  0.0
  5  0.0
  4 83.4
  3  1.8
  4  1.8
  2  1.8
  7  0.0
  0  0.0
  6  0.0
  1  0.0
%CPU     %MEM    
 106  0.9
PSR %CPU
  5  3.7
  5  0.0
  5  0.0
  4 83.6
  3  1.8
  4  1.8
  2  1.8
  7  0.0
  0  0.0
  6  0.0
  1  0.0
%CPU     %MEM    
 106  0.9
PSR %CPU
  5  3.7
  5  0.0
  5  0.0
  4 83.8
  3  1.8
  4  1.7
  2  1.8
  7  0.0
  0  0.0
  6  0.0
  1  0.0
%CPU     %MEM    
 106  0.9
PSR %CPU
  7  3.8
  6  0.0
  2  0.0
  4 83.7
  4  1.8
  1  1.8
  2  1.8
  6  0.0
  3  0.0
  0  0.0
  5  0.0
%CPU     %MEM    
 106  0.9
PSR %CPU
  7  3.8
  6  0.0
  2  0.0
  4 83.9
  4  1.8
  1  1.7
  2  1.8
  6  0.0
  3  0.0
  0  0.0
  5  0.0
%CPU     %MEM    
 106  0.9
PSR %CPU
  7  3.7
  6  0.0
  2  0.0
  4 84.2
  4  1.8
  1  1.7
  2  1.8
  6  0.0
  3  0.0
  0  0.0
  5  0.0
%CPU     %MEM    
 106  0.9
PSR %CPU
  7  3.7
  6  0.0
  2  0.0
  4 83.8
  4  1.7
  1  1.7
  2  1.7
  6  0.0
  3  0.0
  0  0.0
  5  0.0
%CPU     %MEM    
 106  0.9
PSR %CPU
  7  3.7
  6  0.0
  3  0.0
  4 84.1
  4  1.7
  1  1.7
  2  1.7
  6  0.0
  3  0.0
  0  0.0
  5  0.0
%CPU     %MEM    
 106  0.9
PSR %CPU
  7  3.7
  6  0.0
  5  0.0
  4 84.0
  2  1.7
  0  1.7
  1  1.7
  3  0.0
  4  0.0
  5  0.0
  6  0.0
%CPU     %MEM    
 106  0.9
PSR %CPU
  7  3.7
  6  0.0
  5  0.0
  4 84.2
  2  1.7
  0  1.7
  1  1.7
  3  0.0
  4  0.0
  5  0.0
  6  0.0
%CPU     %MEM    
 106  0.9
PSR %CPU
  2  3.7
  6  0.0
  5  0.0
  4 84.2
  1  1.7
  6  1.7
  5  1.7
  2  0.0
  4  0.0
  0  0.0
  7  0.0
  2  0.0
  7  0.0
%CPU     %MEM    
 106  0.9
PSR %CPU
  4  3.8
  6  0.0
  6  0.0
  5 84.1
  7  1.7
  6  1.7
  5  1.8
  2  0.0
  0  0.0
  3  0.0
  1  0.0
%CPU     %MEM    
 106  0.9
PSR %CPU
  4  3.8
  6  0.0
  6  0.0
  1 83.8
  7  1.7
  6  1.7
  5  1.7
  2  0.0
  0  0.0
  3  0.0
  1  0.0
%CPU     %MEM    
 106  0.9
PSR %CPU
  4  3.8
  6  0.0
  6  0.0
  1 84.0
  7  1.7
  6  1.7
  5  1.7
  2  0.0
  0  0.0
  3  0.0
  1  0.0
%CPU     %MEM    
 106  0.9
PSR %CPU
  4  3.7
  6  0.0
  6  0.0
  1 84.2
  7  1.7
  6  1.7
  5  1.7
  2  0.0
  0  0.0
  3  0.0
  1  0.0
%CPU     %MEM    
 106  0.9
PSR %CPU
  4  3.7
  6  0.0
  6  0.0
  1 84.4
  7  1.7
  6  1.7
  5  1.7
  2  0.0
  0  0.0
  3  0.0
  1  0.0
%CPU     %MEM    
 106  0.9
PSR %CPU
  4  3.8
  6  0.0
  6  0.0
  1 84.4
  6  1.7
  3  1.7
  2  1.7
%CPU     %MEM    
 105  0.9
PSR %CPU
  4  3.7
  6  0.0
  6  0.0
  1 84.0
  1  1.7
  3  1.7
  6  1.7
  7  0.0
  0  0.0
  5  0.0
  2  0.0
%CPU     %MEM    
 105  0.9
PSR %CPU
  5  3.8
  6  0.0
  6  0.0
  1 84.0
  0  1.7
  4  1.7
  2  1.7
  3  0.0
  6  0.0
  1  0.0
  7  0.0
%CPU     %MEM    
 106  0.9
PSR %CPU
  5  3.8
  6  0.0
  6  0.0
  1 84.2
  0  1.7
  4  1.7
  2  1.7
  3  0.0
  6  0.0
  1  0.0
  7  0.0
%CPU     %MEM    
 106  0.9
PSR %CPU
  4  3.9
  6  0.0
  6  0.0
  1 84.1
  1  1.7
  5  1.7
  2  1.7
  3  0.0
  6  0.0
  7  0.0
  0  0.0
%CPU     %MEM    
 106  0.9
PSR %CPU
  6  3.9
  7  0.0
  7  0.0
  1 84.2
  1  1.7
  0  1.7
  3  1.7
%CPU     %MEM    
 106  0.9
PSR %CPU
  5  4.0
  0  0.0
  0  0.0
  1 84.0
  2  1.7
  7  1.7
  1  1.7
  3  0.0
  0  0.0
  4  0.0
  6  0.0
%CPU     %MEM    
 105  0.9
PSR %CPU
  5  3.9
  0  0.0
  0  0.0
  1 83.7
  2  1.7
  7  1.7
  1  1.7
  3  0.0
  0  0.0
  4  0.0
  6  0.0
%CPU     %MEM    
 106  0.9
PSR %CPU
  5  3.9
  0  0.0
  0  0.0
  1 83.9
  2  1.7
  7  1.7
  1  1.7
  3  0.0
  0  0.0
  4  0.0
  6  0.0
%CPU     %MEM    
 106  0.9
PSR %CPU
  3  4.0
  2  0.0
  2  0.0
  1 83.9
  7  1.7
  2  1.7
  4  1.7
  1  0.0
  5  0.0
  6  0.0
  0  0.0
%CPU     %MEM    
 106  0.9
PSR %CPU
  2  4.2
  2  0.0
  2  0.0
  5 83.4
  7  1.8
  3  1.8
  5  1.8
  0  0.0
  2  0.0
  0  0.0
  6  0.0
  0  0.0
  5  0.0
%CPU     %MEM    
 106  0.9
PSR %CPU
  1  4.4
  6  0.0
  3  0.0
  0 83.0
  4  1.8
  6  1.8
  7  1.8
  3  0.0
  3  0.0
  0  0.0
  5  0.0
  6  0.0
  7  0.0
  2  0.0
  4  0.0
  5  0.0
  5  0.0
  5  0.0
%CPU     %MEM    
 106  0.9
PSR %CPU
  3  4.5
  6  0.0
  4  0.0
  2 82.8
  1  1.9
  7  1.8
  0  1.9
  4  0.0
  6  0.0
  5  0.0
  2  0.0
%CPU     %MEM    
 106  0.9
PSR %CPU
  3  4.6
  6  0.0
  4  0.0
  2 82.3
  5  1.9
  4  1.8
  2  1.8
  7  0.0
  1  0.0
  6  0.0
  0  0.0
%CPU     %MEM    
 106  0.9
PSR %CPU
  3  4.6
  6  0.0
  4  0.0
  2 82.2
  5  1.9
  2  1.9
  1  1.9
  4  0.0
  7  0.0
  6  0.0
  0  0.0
%CPU     %MEM    
 106  0.9
PSR %CPU
  3  4.6
  6  0.0
  4  0.0
  2 82.4
  5  1.9
  2  1.9
  1  1.9
%CPU     %MEM    
 106  0.9
PSR %CPU
  5  4.7
  6  0.0
  4  0.0
  2 82.4
  0  1.9
  7  1.9
  6  1.9
  3  0.0
  2  0.0
  4  0.0
  1  0.0
%CPU     %MEM    
 106  0.9
PSR %CPU
  2  4.7
  7  0.0
  4  0.0
  2 82.3
  0  1.9
  5  1.9
  4  1.9
  7  0.0
  6  0.0
  6  0.0
  3  0.0
%CPU     %MEM    
 106  0.9
PSR %CPU
  7  4.7
  7  0.0
  4  0.0
  2 82.0
  0  1.9
  2  1.9
  5  1.9
  3  0.0
  4  0.0
  1  0.0
  6  0.0
%CPU     %MEM    
 106  0.9
PSR %CPU
  7  4.7
  7  0.0
  4  0.0
  2 82.2
  0  1.8
  2  1.8
  5  1.9
  3  0.0
  4  0.0
  1  0.0
  6  0.0
%CPU     %MEM    
 106  0.9
PSR %CPU
  4  4.7
  7  0.0
  5  0.0
  2 82.2
  3  1.9
  0  1.9
  5  1.9
  1  0.0
  7  0.0
  6  0.0
  2  0.0
%CPU     %MEM    
 106  0.9
PSR %CPU
  4  4.8
  7  0.0
  5  0.0
  2 82.2
  7  1.9
  0  1.9
  5  1.9
  3  0.0
  2  0.0
  6  0.0
  1  0.0
%CPU     %MEM    
 106  0.9
PSR %CPU
  4  4.8
  7  0.0
  5  0.0
  2 82.3
  7  1.9
  0  1.9
  5  1.9
  3  0.0
  2  0.0
  6  0.0
  1  0.0
%CPU     %MEM    
 106  0.9
PSR %CPU
  4  4.8
  7  0.0
  5  0.0
  2 82.5
  7  1.9
  0  1.8
  5  1.9
  3  0.0
  2  0.0
  6  0.0
  1  0.0
%CPU     %MEM    
 106  0.9
PSR %CPU
  3  4.8
  4  0.0
  5  0.0
  7 82.1
  2  1.9
  5  1.9
  6  1.9
  1  0.0
  4  0.0
  7  0.0
  0  0.0
%CPU     %MEM    
 106  0.9
PSR %CPU
  3  4.8
  4  0.0
  5  0.0
  7 82.2
  2  1.9
  5  1.8
  6  1.8
  1  0.0
  4  0.0
  7  0.0
  0  0.0
%CPU     %MEM    
 106  0.9
PSR %CPU
  1  4.9
  1  0.0
  1  0.0
  0 82.0
  3  1.9
  6  1.9
  0  1.9
  4  0.0
  5  0.0
  2  0.0
  7  0.0
%CPU     %MEM    
 106  0.9
PSR %CPU
  6  5.0
  1  0.0
  1  0.0
  0 81.9
  4  1.9
  2  1.9
  7  1.9
  5  0.0
  0  0.0
  1  0.0
  3  0.0
%CPU     %MEM    
 106  0.9
PSR %CPU
  7  5.0
  1  0.0
  1  0.0
  0 81.9
  0  1.9
  1  1.9
  3  1.9
%CPU     %MEM    
 106  0.9
PSR %CPU
  3  5.0
  1  0.0
  1  0.0
  0 82.1
  4  1.9
  6  1.9
  5  1.9
  0  0.0
  7  0.0
  1  0.0
  2  0.0
%CPU     %MEM    
 106  0.9
PSR %CPU
  2  5.1
  2  0.0
  3  0.0
  0 81.6
  7  1.9
  0  1.9
  5  1.9
  4  0.0
  1  0.0
  3  0.0
  6  0.0
%CPU     %MEM    
 106  1.0
PSR %CPU
  6  5.1
  4  0.0
  3  0.0
  0 81.6
  5  1.9
  4  1.9
  2  1.9
  3  0.0
  1  0.0
  0  0.0
  7  0.0
%CPU     %MEM    
 106  1.0
PSR %CPU
  6  5.1
  4  0.0
  3  0.0
  0 81.7
  5  1.9
  4  1.9
  2  1.9
  3  0.0
  1  0.0
  0  0.0
  7  0.0
%CPU     %MEM    
 107  1.0
PSR %CPU
  1  5.2
  1  0.0
  4  0.0
  0 81.7
  3  1.9
  0  1.9
  6  1.9
  7  0.0
  5  0.0
  2  0.0
  4  0.0
%CPU     %MEM    
 107  1.0
PSR %CPU
  1  5.2
  1  0.0
  4  0.0
  0 81.9
  3  1.9
  0  1.9
  6  1.9
  7  0.0
  5  0.0
  2  0.0
  4  0.0
%CPU     %MEM    
 107  1.0
PSR %CPU
  1  5.1
  1  0.0
  4  0.0
  0 81.7
  3  1.9
  0  1.9
  6  1.9
  7  0.0
  5  0.0
  2  0.0
  4  0.0
%CPU     %MEM    
 106  1.0
PSR %CPU
  5  5.2
  5  0.0
  4  0.0
  0 81.6
  2  1.9
  3  1.9
  4  1.9
  6  0.0
  0  0.0
  7  0.0
  1  0.0
%CPU     %MEM    
 106  1.0
PSR %CPU
  3  5.2
  6  0.0
  4  0.0
  0 81.5
  7  1.9
  6  1.9
  1  1.9
  2  0.0
  5  0.0
  4  0.0
  0  0.0
%CPU     %MEM    
 106  1.0
PSR %CPU
  3  5.2
  6  0.0
  4  0.0
  0 81.7
  7  1.9
  6  1.9
  1  1.9
  2  0.0
  5  0.0
  4  0.0
  0  0.0
%CPU     %MEM    
 106  1.0
PSR %CPU
  3  5.2
  6  0.0
  4  0.0
  0 81.7
  5  1.9
  0  1.9
  2  1.9
  1  0.0
  6  0.0
  4  0.0
  7  0.0
  6  0.0
  2  0.0
  2  0.0
  2  0.0
  6  0.0
  6  0.0
  6  0.0
%CPU     %MEM    
 107  1.0
PSR %CPU
  3  5.3
  6  0.0
  5  0.0
  0 81.8
  0  1.9
  5  1.9
  2  1.9
  6  0.0
  7  0.0
  4  0.0
  1  0.0
%CPU     %MEM    
 106  1.0
PSR %CPU
  3  5.3
  6  0.0
  5  0.0
  0 81.4
  1  1.9
  7  1.9
  2  1.9
  6  0.0
  4  0.0
  5  0.0
  0  0.0
%CPU     %MEM    
 106  1.0
PSR %CPU
  4  5.4
  6  0.0
  5  0.0
  1 81.4
  1  1.9
  3  1.9
  6  1.9
  0  0.0
  2  0.0
  7  0.0
  5  0.0
%CPU     %MEM    
 106  1.0
PSR %CPU
  4  5.4
  6  0.0
  5  0.0
  1 81.3
  7  1.9
  5  1.9
  1  1.9
  2  0.0
  6  0.0
  3  0.0
  0  0.0
%CPU     %MEM    
 107  1.0
PSR %CPU
  0  5.5
  6  0.0
  2  0.0
  1 81.3
  4  1.9
  1  1.9
  3  1.9
  6  0.0
  5  0.0
  7  0.0
  2  0.0
%CPU     %MEM    
 107  1.0
PSR %CPU
  3  5.6
  7  0.0
  3  0.0
  1 81.3
  6  1.9
  0  1.9
  1  1.9
  5  0.0
  2  0.0
  7  0.0
  0  0.0
  6  0.0
  7  0.0
  0  0.0
  1  0.0
  6  0.0
  0  0.0
  1  0.0
%CPU     %MEM    
 107  0.9
PSR %CPU
  4  5.7
  0  0.0
  2  0.0
  5 81.2
  2  2.0
  5  2.0
  7  2.0
  6  0.0
  3  0.0
  0  0.0
  1  0.0
%CPU     %MEM    
 106  0.9
PSR %CPU
  4  5.6
  0  0.0
  3  0.0
  5 81.0
  2  1.9
  5  1.9
  7  1.9
  6  0.0
  3  0.0
  0  0.0
  1  0.0
%CPU     %MEM    
 107  1.0
PSR %CPU
  1  5.7
  2  0.0
  3  0.0
  5 80.8
  3  2.0
  4  2.0
  2  2.0
  0  0.0
  7  0.0
  6  0.0
  5  0.0
  6  0.0
  2  0.0
  3  0.0
  4  0.0
  5  0.0
  6  0.0
  6  0.0
%CPU     %MEM    
 107  1.0
PSR %CPU
  7  5.7
  2  0.0
  3  0.0
  6 80.9
  3  2.0
  4  2.0
  7  2.0
  6  0.0
  0  0.0
  2  0.0
  1  0.0
%CPU     %MEM    
 107  1.0
PSR %CPU
  7  5.8
  2  0.0
  5  0.0
  6 80.8
  6  2.0
  0  2.0
  1  2.0
  2  0.0
  4  0.0
  5  0.0
  3  0.0
%CPU     %MEM    
 107  1.0
PSR %CPU
  4  5.9
  2  0.0
  7  0.0
  6 80.8
  5  2.0
  2  2.0
  6  2.0
  3  0.0
  1  0.0
  7  0.0
  0  0.0
%CPU     %MEM    
 107  1.0
PSR %CPU
  4  5.8
  2  0.0
  7  0.0
  6 81.0
  5  2.0
  2  2.0
  6  2.0
  3  0.0
  1  0.0
  7  0.0
  0  0.0
%CPU     %MEM    
 107  1.0
PSR %CPU
  4  5.8
  2  0.0
  7  0.0
  6 80.8
  5  2.0
  2  2.0
  6  2.0
  3  0.0
  1  0.0
  7  0.0
  0  0.0
%CPU     %MEM    
 107  1.0
PSR %CPU
  5  5.9
  2  0.0
  7  0.0
  6 80.8
  1  2.0
  0  2.0
  3  2.0
  7  0.0
  4  0.0
  6  0.0
  2  0.0
%CPU     %MEM    
 107  1.0
PSR %CPU
  5  5.9
  2  0.0
  7  0.0
  6 80.9
  1  2.0
  0  2.0
  3  2.0
%CPU     %MEM    
 107  1.0
PSR %CPU
  0  5.9
  4  0.0
  7  0.0
  6 80.9
  3  2.0
  1  2.0
  6  2.0
  2  0.0
  5  0.0
  4  0.0
  7  0.0
%CPU     %MEM    
 107  1.0
PSR %CPU
  0  5.9
  7  0.0
  0  0.0
  6 81.0
  3  2.0
  1  2.0
  6  2.0
  2  0.0
  5  0.0
  4  0.0
  7  0.0
%CPU     %MEM    
 106  1.0
PSR %CPU
  0  5.8
  7  0.0
  0  0.0
  6 80.9
  3  1.9
  1  1.9
  6  1.9
  2  0.0
  5  0.0
  4  0.0
  7  0.0
%CPU     %MEM    
 107  1.0
PSR %CPU
  5  5.9
  7  0.0
  2  0.0
  6 80.7
  0  2.0
  3  2.0
  6  1.9
  2  0.0
  7  0.0
  1  0.0
  6  0.0
  6  0.0
  0  0.0
  1  0.0
  3  0.0
  0  0.0
  6  0.0
  3  0.0
%CPU     %MEM    
 107  1.0
PSR %CPU
  7  6.0
  0  0.0
  2  0.0
  6 80.8
  3  2.0
  0  2.0
  2  2.0
  1  0.0
  5  0.0
  6  0.0
  4  0.0
%CPU     %MEM    
 107  1.0
PSR %CPU
  7  6.0
  1  0.0
  4  0.0
  6 80.9
  5  2.0
  0  2.0
  6  1.9
  1  0.0
  1  0.0
  2  0.0
  3  0.0
  4  0.0
  5  0.0
  6  0.0
  0  0.0
  3  0.0
  3  0.0
  3  0.0
%CPU     %MEM    
 107  1.0
PSR %CPU
  3  6.1
  1  0.0
  5  0.0
  6 80.7
  4  2.0
  1  2.0
  6  2.0
  7  0.0
  0  0.0
  5  0.0
  2  0.0
%CPU     %MEM    
 107  1.0
PSR %CPU
  4  6.2
  7  0.0
  0  0.0
  4 80.7
  6  2.0
  1  2.0
  0  2.0
  3  0.0
  2  0.0
  5  0.0
  7  0.0
%CPU     %MEM    
 107  1.0
PSR %CPU
  4  6.1
  1  0.0
  0  0.0
  4 80.5
  6  2.0
  1  2.0
  0  2.0
  3  0.0
  2  0.0
  5  0.0
  7  0.0
%CPU     %MEM    
 107  1.0
PSR %CPU
  3  6.2
  5  0.0
  2  0.0
  4 80.5
  1  2.0
  6  2.0
  0  2.0
  4  0.0
  5  0.0
  2  0.0
  7  0.0
%CPU     %MEM    
 107  1.0
PSR %CPU
  7  6.2
  5  0.0
  2  0.0
  4 80.4
  0  2.0
  2  2.0
  3  2.0
  1  0.0
  6  0.0
  4  0.0
  5  0.0
%CPU     %MEM    
 107  1.0
PSR %CPU
  4  6.2
  5  0.0
  2  0.0
  4 80.5
  1  2.0
  0  2.0
  6  2.0
  5  0.0
  3  0.0
  0  0.0
  2  0.0
%CPU     %MEM    
 107  1.0
PSR %CPU
  1  6.3
  7  0.0
  2  0.0
  4 80.5
  2  2.0
  5  2.0
  4  2.0
  7  0.0
  3  0.0
  6  0.0
  0  0.0
%CPU     %MEM    
 107  1.0
PSR %CPU
  3  6.4
  7  0.0
  2  0.0
  4 80.5
  4  2.0
  7  2.0
  5  2.0
  2  0.0
  1  0.0
  0  0.0
  6  0.0
%CPU     %MEM    
 107  1.0
PSR %CPU
  3  6.4
  0  0.0
  3  0.0
  5 80.1
  2  2.0
  6  2.0
  5  2.0
  7  0.0
  1  0.0
  4  0.0
  0  0.0
%CPU     %MEM    
 107  1.0
PSR %CPU
  3  6.4
  0  0.0
  3  0.0
  5 80.3
  2  2.0
  6  2.0
  5  2.0
  7  0.0
  1  0.0
  4  0.0
  0  0.0
%CPU     %MEM    
 107  1.0
PSR %CPU
  1  6.6
  0  0.0
  2  0.0
  0 80.0
  0  2.0
  7  2.0
  5  2.0
%CPU     %MEM    
 107  1.0
PSR %CPU
  5  6.8
  7  0.0
  2  0.0
  1 79.7
  6  2.1
  4  2.1
  0  2.1
  3  0.0
  2  0.0
  1  0.0
  7  0.0
  6  0.0
  0  0.0
  5  0.0
  6  0.0
  0  0.0
  6  0.0
  7  0.0
%CPU     %MEM    
 108  1.0
PSR %CPU
  2  6.8
  5  0.0
  4  0.0
  4 79.7
  7  2.1
  1  2.1
  4  2.1
  0  0.0
  3  0.0
  5  0.0
  6  0.0
%CPU     %MEM    
 107  1.0
PSR %CPU
  5  7.0
  4  0.0
  6  0.0
  7 79.1
  1  2.1
  4  2.1
  3  2.1
  7  0.0
  0  0.0
  6  0.0
  2  0.0
%CPU     %MEM    
 107  1.0
PSR %CPU
  3  7.1
  4  0.0
  2  0.0
  7 79.1
  5  2.1
  0  2.1
  6  2.1
  2  0.0
  1  0.0
  4  0.0
  7  0.0
%CPU     %MEM    
 108  1.0
PSR %CPU
  3  7.0
  4  0.0
  2  0.0
  7 79.2
  5  2.1
  0  2.1
  6  2.1
  2  0.0
  1  0.0
  4  0.0
  7  0.0
%CPU     %MEM    
 108  1.0
PSR %CPU
  1  7.1
  4  0.0
  2  0.0
  7 79.2
  6  2.1
  3  2.1
  4  2.1
  5  0.0
  0  0.0
  7  0.0
  2  0.0
%CPU     %MEM    
 108  1.0
PSR %CPU
  1  7.1
  4  0.0
  2  0.0
  7 79.3
  6  2.1
  3  2.1
  4  2.1
  5  0.0
  0  0.0
  7  0.0
  2  0.0
%CPU     %MEM    
 108  1.1
PSR %CPU
  4  7.2
  4  0.0
  3  0.0
  7 79.3
  7  2.1
  2  2.1
  0  2.1
%CPU     %MEM    
 107  1.1
PSR %CPU
  2  7.2
  0  0.0
  3  0.0
  7 78.9
  6  2.1
  4  2.1
  1  2.1
  3  0.0
  5  0.0
  7  0.0
  0  0.0
%CPU     %MEM    
 108  1.1
PSR %CPU
  2  7.3
  1  0.0
  1  0.0
  0 78.9
  6  2.1
  5  2.1
  0  2.1
  4  0.0
  1  0.0
  7  0.0
  3  0.0
%CPU     %MEM    
 108  1.1
PSR %CPU
  2  7.2
  1  0.0
  1  0.0
  0 79.0
  6  2.1
  5  2.1
  0  2.1
  4  0.0
  1  0.0
  7  0.0
  3  0.0
%CPU     %MEM    
 108  1.1
PSR %CPU
  5  7.4
  6  0.0
  2  0.0
  0 78.8
  6  2.2
  4  2.1
  3  2.1
  7  0.0
  0  0.0
  2  0.0
  1  0.0
%CPU     %MEM    
 108  1.1
PSR %CPU
  6  7.4
  2  0.0
  3  0.0
  0 78.8
  4  2.2
  3  2.1
  7  2.1
%CPU     %MEM    
 108  1.1
PSR %CPU
  6  7.5
  2  0.0
  4  0.0
  5 78.7
  1  2.2
  0  2.2
  3  2.2
  7  0.0
  5  0.0
  4  0.0
  2  0.0
%CPU     %MEM    
 108  1.1
PSR %CPU
  6  7.5
  2  0.0
  4  0.0
  5 78.6
  1  2.2
  0  2.1
  3  2.1
  7  0.0
  5  0.0
  4  0.0
  2  0.0
%CPU     %MEM    
 108  1.1
PSR %CPU
  7  7.6
  7  0.0
  4  0.0
  5 78.5
  6  2.2
  0  2.1
  1  2.1
  4  0.0
  2  0.0
  5  0.0
  3  0.0
%CPU     %MEM    
 108  1.1
PSR %CPU
  5  7.7
  2  0.0
  7  0.0
  4 78.3
  1  2.2
  6  2.2
  1  2.2
  7  0.0
  2  0.0
  4  0.0
  0  0.0
%CPU     %MEM    
 108  1.1
PSR %CPU
  2  7.9
  4  0.0
  7  0.0
  5 78.0
  3  2.2
  5  2.2
  4  2.2
  7  0.0
  0  0.0
  1  0.0
  6  0.0
%CPU     %MEM    
 108  1.1
PSR %CPU
  6  8.0
  6  0.0
  7  0.0
  5 77.9
  0  2.2
  7  2.2
  5  2.2
  4  0.0
  3  0.0
  1  0.0
  2  0.0
%CPU     %MEM    
 108  1.1
PSR %CPU
  6  7.9
  6  0.0
  7  0.0
  5 77.8
  0  2.2
  7  2.2
  5  2.2
  4  0.0
  3  0.0
  1  0.0
  2  0.0
%CPU     %MEM    
 108  1.1
PSR %CPU
  6  7.9
  6  0.0
  0  0.0
  5 77.9
  0  2.2
  7  2.2
  5  2.2
  4  0.0
  3  0.0
  1  0.0
  2  0.0
%CPU     %MEM    
 108  1.1
PSR %CPU
  5  8.0
  2  0.0
  0  0.0
  6 77.9
  4  2.2
  2  2.2
  1  2.2
  6  0.0
  7  0.0
  3  0.0
  0  0.0
%CPU     %MEM    
 108  1.1
PSR %CPU
  5  7.9
  2  0.0
  0  0.0
  6 78.0
  4  2.2
  2  2.2
  1  2.2
%CPU     %MEM    
 108  1.1
PSR %CPU
  1  8.0
  5  0.0
  2  0.0
  6 77.9
  7  2.2
  6  2.2
  3  2.2
  2  0.0
  4  0.0
  0  0.0
  5  0.0
%CPU     %MEM    
 108  1.1
PSR %CPU
  1  8.0
  5  0.0
  2  0.0
  6 78.1
  7  2.2
  6  2.2
  3  2.2
  2  0.0
  4  0.0
  0  0.0
  5  0.0
%CPU     %MEM    
 108  1.1
PSR %CPU
  1  7.9
  5  0.0
  2  0.0
  6 77.9
  7  2.2
  6  2.2
  3  2.2
  2  0.0
  4  0.0
  0  0.0
  5  0.0
%CPU     %MEM    
 108  1.1
PSR %CPU
  1  7.9
  5  0.0
  2  0.0
  6 78.1
  7  2.2
  6  2.2
  3  2.2
  2  0.0
  4  0.0
  0  0.0
  5  0.0
%CPU     %MEM    
 108  1.1
PSR %CPU
  1  7.9
  5  0.0
  2  0.0
  6 78.2
  7  2.2
  6  2.1
  3  2.2
  2  0.0
  4  0.0
  0  0.0
  5  0.0
%CPU     %MEM    
 108  1.1
PSR %CPU
  6  7.9
  1  0.0
  2  0.0
  7 78.2
  3  2.2
  0  2.2
  5  2.2
  1  0.0
  4  0.0
  7  0.0
  2  0.0
%CPU     %MEM    
 108  1.1
PSR %CPU
  5  8.0
  1  0.0
  4  0.0
  7 78.2
  3  2.2
  0  2.2
  7  2.2
  7  0.0
  1  0.0
%CPU     %MEM    
 108  1.1
PSR %CPU
  3  8.0
  4  0.0
  4  0.0
  0 78.1
  5  2.2
  7  2.2
  0  2.2
  2  0.0
  1  0.0
  7  0.0
  4  0.0
%CPU     %MEM    
 108  1.1
PSR %CPU
  3  8.0
  4  0.0
  4  0.0
  0 78.0
  5  2.2
  7  2.2
  0  2.2
  2  0.0
  1  0.0
  7  0.0
  4  0.0
%CPU     %MEM    
 108  1.1
PSR %CPU
  0  8.1
  1  0.0
  6  0.0
  7  2.2
  1  2.2
  3  2.2
  6  0.0
  3  0.0
  2  0.0
  5  0.0
