0.0
124.928
249.856
374.784
437.248
437.248
437.248
437.248
437.248
437.248
437.248
437.248
437.248
437.248
437.248
437.248
437.248
437.248
437.248
437.248
437.248
437.248
437.248
437.248
437.248
437.248
437.248
437.248
437.248
437.248
437.248
437.248
437.248
437.248
437.248
437.248
437.248
437.248
437.248
437.248
437.248
437.248
437.248
437.248
437.248
437.248
437.248
437.248
437.248
437.248
437.248
437.248
437.248
437.248
437.248
437.248
437.248
437.248
437.248
437.248
499.712
499.712
499.712
499.712
499.712
499.712
499.712
499.712
499.712
499.712
499.712
499.712
499.712
499.712
499.712
499.712
499.712
499.712
499.712
499.712
499.712
499.712
499.712
499.712
499.712
499.712
499.712
499.712
499.712
499.712
499.712
499.712
499.712
499.712
499.712
499.712
499.712
499.712
499.712
499.712
499.712
499.712
499.712
499.712
499.712
499.712
499.712
499.712
499.712
499.712
499.712
499.712
499.712
499.712
499.712
499.712
499.712
499.712
499.712
499.712
499.712
499.712
499.712
499.712
499.712
499.712
499.712
499.712
499.712
499.712
499.712
499.712
499.712
499.712
499.712
499.712
499.712
499.712
499.712
499.712
499.712
499.712
499.712
499.712
499.712
499.712
499.712
499.712
499.712
499.712
499.712
499.712
499.712
499.712
499.712
499.712
499.712
499.712
499.712
499.712
499.712
499.712
499.712
499.712
499.712
499.712
499.712
499.712
499.712
499.712
499.712
499.712
499.712
499.712
499.712
562.176
562.176
562.176
562.176
562.176
562.176
562.176
562.176
562.176
562.176
499.712
562.176
562.176
562.176
562.176
562.176
562.176
562.176
562.176
562.176
562.176
562.176
562.176
562.176
562.176
562.176
562.176
562.176
562.176
562.176
562.176
562.176
562.176
562.176
562.176
562.176
562.176
562.176
562.176
562.176
562.176
562.176
562.176
562.176
562.176
562.176
562.176
562.176
562.176
562.176
562.176
562.176
562.176
562.176
562.176
562.176
562.176
562.176
562.176
562.176
562.176
562.176
562.176
562.176
562.176
562.176
562.176
562.176
562.176
562.176
562.176
562.176
562.176
562.176
562.176
562.176
