0.0
62.464
249.856
374.784
437.248
437.248
437.248
437.248
437.248
437.248
437.248
437.248
437.248
437.248
437.248
437.248
437.248
437.248
437.248
437.248
437.248
437.248
437.248
437.248
437.248
437.248
437.248
437.248
437.248
437.248
437.248
437.248
437.248
437.248
437.248
499.712
499.712
499.712
499.712
499.712
499.712
499.712
499.712
499.712
499.712
499.712
499.712
499.712
499.712
499.712
499.712
499.712
499.712
499.712
499.712
499.712
499.712
499.712
499.712
499.712
562.176
562.176
562.176
562.176
562.176
562.176
562.176
562.176
562.176
562.176
562.176
562.176
562.176
562.176
562.176
562.176
562.176
562.176
562.176
562.176
562.176
562.176
562.176
562.176
562.176
562.176
562.176
562.176
562.176
562.176
562.176
562.176
562.176
562.176
562.176
562.176
624.64
562.176
562.176
624.64
562.176
562.176
624.64
562.176
562.176
562.176
562.176
562.176
562.176
562.176
562.176
624.64
624.64
624.64
624.64
624.64
624.64
624.64
624.64
624.64
624.64
624.64
624.64
624.64
624.64
624.64
624.64
624.64
624.64
624.64
624.64
624.64
624.64
624.64
624.64
624.64
624.64
624.64
624.64
624.64
624.64
624.64
624.64
624.64
624.64
624.64
624.64
624.64
624.64
624.64
624.64
624.64
624.64
624.64
624.64
624.64
687.104
687.104
624.64
687.104
624.64
624.64
624.64
687.104
687.104
687.104
687.104
687.104
687.104
687.104
687.104
687.104
687.104
687.104
687.104
687.104
687.104
687.104
687.104
687.104
687.104
687.104
687.104
687.104
687.104
687.104
687.104
687.104
687.104
687.104
687.104
687.104
687.104
687.104
687.104
687.104
687.104
687.104
687.104
749.568
687.104
687.104
687.104
687.104
687.104
749.568
749.568
749.568
749.568
749.568
749.568
749.568
749.568
749.568
749.568
749.568
749.568
749.568
749.568
749.568
749.568
749.568
812.032
749.568
749.568
749.568
749.568
749.568
749.568
749.568
749.568
749.568
749.568
749.568
812.032
749.568
812.032
812.032
812.032
812.032
812.032
812.032
812.032
812.032
812.032
812.032
812.032
812.032
812.032
812.032
812.032
812.032
