0.0
24.0
17.8
19.625
40.8
15.55
16.575
15.65
36.575
18.55
27.75
9.95
9.2
10.275
10.725
11.8
12.725
13.575
14.3
15.0
14.825
45.525
44.3
13.2
12.85
13.025
13.55
14.0
14.475
14.9
15.35
15.3
15.675
16.025
16.35
16.2
61.075
15.175
22.4
14.575
14.5
14.25
14.25
14.0
14.1
14.1
13.925
13.8
17.8
13.1
43.65
12.7
12.5
25.475
19.425
29.25
37.1
11.4
11.3
11.0
10.85
38.95
10.55
10.425
40.3
25.3
9.925
45.55
30.925
34.925
33.325
35.975
34.6
9.0
8.95
36.85
24.4
8.55
31.725
8.375
8.325
23.65
15.55
26.475
7.9
7.875
43.775
7.625
7.7
7.875
7.95
49.375
7.825
7.875
8.0
7.95
7.9
8.1
8.2
8.375
8.5
45.675
8.35
8.3
16.425
8.1
41.3
8.0
8.05
8.2
34.575
17.775
8.15
8.325
8.475
8.575
8.7
42.15
8.6
8.65
8.8
8.9
9.025
9.15
9.3
9.45
9.575
35.975
9.4
27.6
9.3
9.275
23.775
19.6
9.05
9.0
8.95
8.9
11.025
26.0
8.7
37.4
8.625
8.6
22.625
20.45
8.4
39.625
8.325
13.475
25.575
8.15
21.6
8.075
8.025
22.575
24.15
7.875
42.325
7.775
7.75
10.925
7.625
38.35
7.575
7.525
23.45
7.45
7.425
11.6
18.55
7.3
7.3
7.275
7.225
7.175
7.15
36.85
7.075
7.05
39.25
23.925
6.9
6.875
6.85
31.325
6.775
19.725
6.7
6.675
35.4
6.625
21.575
14.55
6.55
6.525
6.5
20.7
15.425
0.7
