0.0
2.0
15.75
18.375
14.85
13.45
12.325
11.025
10.675
9.75
8.925
8.35
12.675
31.275
6.325
7.575
8.8
9.85
10.325
11.2
11.975
12.75
12.55
17.15
11.675
12.275
12.9
13.425
13.875
13.975
14.4
14.825
15.2
15.6
15.55
15.8
45.475
15.2
14.85
14.625
19.3
13.8
13.525
13.55
13.4
13.6
13.15
12.95
12.775
40.525
12.325
12.15
24.75
11.575
31.65
11.25
11.075
19.775
10.625
10.5
10.4
38.275
10.15
13.85
21.5
9.625
9.525
9.425
9.3
18.6
28.5
29.4
8.8
8.725
28.75
16.2
8.35
8.275
8.225
8.15
25.475
7.925
7.85
7.775
7.7
7.65
7.5
17.2
7.375
7.325
7.25
12.65
7.075
19.525
7.0
6.925
6.925
6.9
7.1
7.3
7.35
7.375
7.35
16.5
7.2
7.15
26.85
7.075
14.95
6.9
7.075
7.15
7.125
7.125
7.125
7.3
7.45
7.625
7.65
7.6
7.55
7.675
7.8
7.95
8.1
8.175
8.325
8.475
8.525
8.475
8.45
15.85
8.325
8.275
8.225
8.2
8.175
13.575
17.8
8.025
7.975
7.95
9.6
7.825
17.825
7.8
7.775
7.725
10.375
29.1
7.575
7.55
7.475
7.475
11.15
7.375
7.325
7.3
7.3
12.7
13.175
20.375
7.1
7.1
7.075
16.25
6.975
6.95
6.9
6.875
20.85
6.825
6.8
6.775
6.725
6.7
6.65
6.65
6.65
6.65
6.625
12.075
6.55
6.525
6.5
6.475
6.45
12.9
6.375
6.35
6.325
6.3
6.275
14.0
22.725
6.2
6.175
28.9
12.1
15.35
20.575
6.05
6.025
6.0
1.175
