0.0
8.5
19.0
22.425
24.225
35.475
16.275
16.775
16.85
55.45
13.95
24.6
32.225
10.35
11.025
12.125
13.075
13.25
14.0
14.725
15.35
15.95
38.85
40.95
13.825
31.125
13.9
14.375
14.4
14.825
15.275
15.65
16.0
16.375
16.3
16.6
16.675
54.8
15.95
16.825
15.025
14.9
14.575
14.75
14.625
14.275
14.425
14.2
14.05
57.8
13.575
37.425
12.975
12.75
34.05
12.375
23.5
31.825
11.65
11.5
52.1
11.225
36.925
18.3
10.675
41.275
10.375
19.375
29.4
33.65
9.8
37.675
9.575
24.7
25.225
9.15
9.025
8.975
8.9
28.875
8.625
26.525
8.425
8.35
8.2
19.875
32.075
8.0
7.975
8.175
8.3
8.425
43.825
8.25
8.325
8.4
37.075
8.275
8.4
8.575
8.75
8.85
37.3
22.95
8.65
41.8
14.95
26.875
8.325
24.725
8.4
8.4
8.275
8.35
8.5
8.65
8.8
8.95
35.3
21.75
8.75
8.9
9.025
9.125
9.25
9.4
9.55
9.675
9.675
9.55
19.75
29.3
9.375
29.35
9.275
20.425
9.125
9.075
9.025
8.975
14.375
14.575
29.275
8.725
8.725
8.675
8.575
18.525
26.75
8.45
8.4
8.375
19.275
8.25
8.2
8.175
36.125
20.275
8.0
36.95
21.15
7.9
40.1
17.275
30.275
7.725
23.45
30.925
33.875
14.8
23.025
7.5
7.475
7.45
7.375
12.85
7.3
7.275
7.25
37.225
19.4
7.125
38.1
7.075
7.05
36.5
10.45
22.175
6.9
6.875
40.35
10.775
20.75
6.725
6.7
33.175
6.65
22.6
15.825
6.55
44.775
6.5
0.7
