0.0
19.75
24.625
26.025
23.225
18.425
19.975
20.2
18.025
18.325
17.3
15.425
16.45
17.325
18.05
18.7
19.3
18.85
19.325
19.8
20.2
19.775
18.975
18.15
18.575
18.95
19.3
19.625
19.35
19.65
19.95
20.15
20.425
20.675
20.375
20.4
19.95
19.85
19.625
19.375
19.5
19.35
19.575
19.4
19.525
19.3
19.125
19.1
18.85
18.525
26.175
17.625
17.35
17.125
16.85
17.05
20.075
16.425
16.225
37.025
42.3
28.85
15.175
15.0
14.8
34.125
14.45
17.1
14.125
13.975
14.15
14.35
14.525
14.55
14.7
14.875
15.05
15.225
15.2
15.325
15.15
15.2
15.35
15.5
15.5
15.65
15.75
15.875
16.025
16.0
16.075
15.925
16.0
16.125
16.25
21.0
16.0
16.125
16.25
16.35
16.475
20.95
16.175
16.025
16.025
15.9
16.025
15.95
16.075
16.15
16.15
16.15
16.125
16.2
16.3
16.4
16.5
16.425
16.3
16.4
16.475
16.575
16.675
16.625
16.725
16.8
16.9
16.85
16.825
18.4
16.6
16.475
16.375
16.3
16.325
16.275
16.25
16.25
16.15
16.2
16.2
16.1
16.075
16.075
16.0
15.95
15.825
15.725
15.8
15.875
15.85
15.775
15.75
15.675
15.7
15.675
15.65
15.65
15.575
15.55
15.575
15.5
15.55
15.425
15.45
15.45
15.525
15.5
15.55
15.55
15.575
15.525
15.475
15.45
16.8
20.225
26.15
15.125
15.05
14.975
22.85
14.8
33.0
14.7
14.65
14.6
