0.0
3.25
16.375
20.6
22.85
22.45
53.2
28.85
14.3
38.65
39.375
10.95
10.225
23.475
30.425
7.925
7.5
8.175
8.775
9.725
10.6
11.325
11.375
56.675
35.25
36.1
36.5
9.225
9.875
10.475
10.675
11.2
11.7
12.15
12.575
12.675
13.0
42.275
41.725
12.3
12.075
17.6
11.35
11.15
39.15
10.725
33.775
18.425
31.025
9.875
9.7
52.775
45.65
15.075
16.975
27.55
30.925
8.55
26.275
25.475
31.475
7.95
7.875
7.775
22.05
7.45
7.375
23.825
30.1
7.15
21.25
26.65
31.3
6.75
6.675
17.55
26.575
15.4
6.3
6.275
52.725
16.55
26.25
29.15
24.075
29.65
31.45
26.35
30.8
5.525
5.475
5.45
26.975
16.825
12.525
5.225
35.45
35.025
25.575
26.775
28.75
31.45
26.675
4.925
20.55
4.75
4.725
4.75
46.45
4.65
13.1
15.6
24.9
4.5
4.5
19.925
26.9
4.35
4.375
47.325
4.3
20.475
22.95
28.175
25.4
4.125
34.35
23.975
24.8
27.525
28.5
3.975
15.65
21.375
27.375
3.85
3.825
3.8
27.525
3.75
14.725
24.075
3.7
3.7
22.675
27.775
3.625
3.6
3.6
16.05
12.3
3.525
3.5
3.5
3.475
12.925
12.9
21.05
24.9
24.925
24.675
28.9
30.875
20.125
21.6
3.35
27.675
21.3
22.275
22.275
27.5
3.25
3.225
34.2
3.175
3.15
29.65
21.775
26.85
3.1
31.35
31.7
27.575
3.05
32.525
3.025
3.0
23.25
27.75
17.975
20.45
19.7
26.075
2.925
2.9
2.9
2.9
2.875
29.125
2.85
26.35
2.825
21.075
2.825
2.8
24.55
2.775
2.775
38.525
35.25
2.75
26.975
27.225
29.725
20.2
2.7
2.7
26.925
23.925
2.65
31.4
2.65
12.875
19.125
25.5
18.1
2.6
2.6
27.2
19.825
23.8
24.8
28.275
2.55
6.525
19.15
2.5
20.475
26.225
20.125
11.2
11.7
0.675
