0.0
0.0
21.5
24.05
24.9
20.65
20.175
21.5
39.825
21.175
15.0
50.75
13.275
14.425
14.475
15.325
16.1
16.825
17.45
18.0
17.725
17.875
53.2
16.55
16.325
16.225
16.675
17.1
17.475
17.85
18.175
17.95
18.25
18.575
18.825
19.1
18.825
43.45
17.6
17.225
17.35
17.175
16.775
16.9
16.7
16.95
16.825
16.85
40.0
16.0
35.225
39.825
15.225
33.6
14.5
44.775
14.1
13.9
13.7
13.3
25.65
12.975
12.8
12.625
28.925
18.4
29.725
11.85
41.45
11.55
37.3
23.9
34.025
10.9
37.325
10.775
10.875
11.075
11.225
11.45
11.425
16.2
11.275
11.45
11.625
11.8
11.975
12.025
12.2
12.35
12.5
12.475
16.225
12.3
12.45
12.475
12.35
12.5
12.525
12.675
12.8
12.825
12.7
12.625
15.675
27.1
12.25
12.3
12.4
12.4
12.525
12.425
12.45
12.6
12.725
12.725
12.85
12.9
12.8
12.8
12.925
12.95
13.05
13.15
13.275
13.375
13.4
13.475
13.4
13.35
13.25
13.2
13.025
23.95
12.875
12.8
12.75
12.675
38.025
12.475
12.5
12.5
56.925
12.325
40.5
27.7
35.35
12.075
36.75
11.9
11.925
51.35
11.825
35.975
23.15
11.675
11.625
11.65
11.625
11.5
11.475
45.175
11.375
11.35
11.3
11.25
11.3
11.325
11.35
11.425
11.45
11.375
38.825
19.225
29.925
11.125
39.325
11.025
10.975
22.625
34.825
10.775
40.475
10.675
42.125
10.55
41.5
10.475
10.4
10.375
32.4
