0.0
0.0
31.75
30.5
22.6
24.0
24.3
43.775
44.875
18.3
15.8
16.275
51.0
47.075
13.05
30.775
12.05
12.975
13.8
14.475
15.15
15.125
15.7
16.225
16.75
17.175
17.6
17.425
17.8
18.15
18.5
18.825
18.6
18.9
19.15
19.425
19.175
63.725
42.7
43.4
37.45
31.9
16.55
22.65
15.6
15.3
15.025
15.225
15.1
39.45
34.3
14.1
46.625
44.625
13.425
20.5
12.85
43.35
12.45
12.275
22.725
31.925
34.85
29.225
31.325
11.225
36.025
20.0
30.25
10.525
41.6
40.5
28.775
34.025
9.775
9.675
9.575
27.275
30.925
30.175
23.325
9.025
45.425
11.75
14.9
8.6
46.025
8.45
8.375
8.275
8.475
8.675
8.875
9.075
9.25
9.275
41.2
39.875
9.05
9.05
9.175
9.35
9.5
9.55
52.45
9.375
17.475
18.675
28.475
9.05
8.975
8.85
9.0
9.175
9.325
9.475
9.625
9.65
39.575
39.275
9.475
9.475
9.6
9.675
9.825
9.95
10.075
10.175
10.25
38.175
38.875
31.55
10.05
36.95
28.825
31.275
9.725
39.675
9.6
9.55
14.45
24.175
31.475
9.3
9.275
14.925
26.625
30.475
31.525
29.975
8.925
32.45
24.05
27.75
29.2
33.65
8.6
26.75
27.725
32.775
8.375
8.325
24.025
30.7
8.2
8.15
8.1
41.575
15.75
21.95
28.925
7.875
7.85
7.825
22.75
31.95
34.675
7.65
7.6
17.05
27.0
7.45
7.425
7.375
37.85
7.3
7.25
7.225
45.7
7.175
20.85
33.075
32.05
7.025
7.0
0.525
24.275
10.775
