0
0
0
0
3000
3000
3000
3000
6000
6000
6000
6000
6000
9000
9000
9000
9000
9000
9000
9000
9000
9000
9000
9000
12000
12000
12000
12000
12000
12000
12000
12000
12000
12000
12000
12000
12000
12000
12000
12000
12000
15000
15000
15000
15000
15000
15000
18000
18000
18000
21000
21000
21000
24000
24000
24000
27000
27000
27000
30000
30000
30000
30000
30000
33000
33000
33000
33000
33000
33000
36000
36000
36000
36000
36000
36000
39000
39000
39000
39000
39000
42000
42000
42000
42000
42000
45000
45000
45000
45000
45000
48000
48000
48000
48000
48000
51000
51000
51000
51000
51000
51000
51000
51000
51000
51000
54000
54000
54000
54000
54000
54000
57000
57000
57000
57000
57000
57000
60000
60000
60000
60000
60000
63000
63000
63000
63000
63000
66000
66000
66000
66000
69000
69000
69000
69000
69000
72000
72000
72000
72000
72000
72000
75000
75000
75000
75000
78000
78000
78000
78000
78000
81000
81000
81000
81000
84000
84000
84000
84000
84000
87000
87000
87000
87000
90000
90000
90000
90000
90000
93000
93000
93000
93000
93000
96000
96000
96000
96000
96000
99000
99000
99000
99000
99000
102000
102000
102000
105000
105000
105000
108000
108000
108000
111000
111000
111000
114000
114000
114000
114000
114000
117000
117000
117000
117000
117000
117000
120000
120000
120000
120000
120000
123000
123000
123000
123000
123000
126000
126000
126000
126000
129000
129000
129000
129000
129000
132000
132000
132000
132000
132000
132000
135000
135000
135000
135000
138000
138000
138000
138000
138000
141000
141000
141000
141000
141000
141000
144000
144000
144000
144000
147000
147000
147000
150000
150000
150000
153000
153000
153000
156000
156000
156000
156000
156000
159000
159000
159000
159000
159000
159000
162000
162000
162000
162000
162000
165000
165000
165000
165000
165000
168000
168000
168000
168000
171000
171000
171000
171000
171000
174000
174000
174000
174000
174000
177000
177000
177000
177000
177000
180000
180000
180000
180000