%CPU     %MEM    
 0.0  0.1
PSR %CPU
  0  0.0
  1  0.0
  0  0.0
  3  0.0
  1  0.0
  0  0.0
  3  0.0
%CPU     %MEM    
 140  0.1
PSR %CPU
  0  1.0
  1  0.0
  0  0.0
  3  132
  1  1.0
  0  1.0
  3  2.0
%CPU     %MEM    
 129  0.1
PSR %CPU
  0  0.5
  1  0.0
  0  0.0
  3  125
  1  0.5
  0  0.5
  3  1.0
%CPU     %MEM    
94.0  0.1
PSR %CPU
  0  0.2
  1  0.0
  0  0.0
  3 92.0
  1  0.2
  0  0.2
  3  0.5
%CPU     %MEM    
98.6  0.1
PSR %CPU
  0  0.2
  1  0.0
  0  0.0
  3 97.2
  1  0.2
  0  0.2
  3  0.4
%CPU     %MEM    
 101  0.1
PSR %CPU
  0  0.1
  1  0.0
  0  0.0
  3  100
  1  0.1
  0  0.1
  3  0.3
%CPU     %MEM    
 104  0.1
PSR %CPU
  0  0.1
  1  0.0
  0  0.0
  3  103
  1  0.1
  0  0.1
  3  0.2
%CPU     %MEM    
 106  0.1
PSR %CPU
  0  0.1
  1  0.0
  0  0.0
  3  104
  1  0.1
  0  0.1
  3  0.2
%CPU     %MEM    
 107  0.1
PSR %CPU
  0  0.1
  1  0.0
  0  0.0
  3  106
  1  0.1
  0  0.1
  3  0.2
%CPU     %MEM    
98.6  0.1
PSR %CPU
  0  0.0
  1  0.0
  0  0.0
  3 97.7
  1  0.0
  0  0.0
  3  0.1
%CPU     %MEM    
99.6  0.1
PSR %CPU
  0  2.0
  1  0.0
  0  0.0
  3 96.9
  1  0.1
  0  0.0
  3  0.1
  1  0.0
  2  0.0
  2  0.0
%CPU     %MEM    
 101  0.1
PSR %CPU
  0  5.3
  1  0.0
  0  0.0
  3 89.4
  1  0.1
  0  0.0
  3  0.1
  0  2.0
  1 24.0
  2 44.0
%CPU     %MEM    
 102  0.1
PSR %CPU
  1  8.0
  1  0.0
  0  0.0
  3 83.0
  1  0.1
  0  0.0
  3  0.1
  2  5.5
  1 29.5
  0 38.5
%CPU     %MEM    
 103  0.1
PSR %CPU
  2  8.0
  2  0.0
  1  0.0
  3 77.5
  1  0.1
  0  0.0
  3  0.1
  2 17.6
  1 33.6
  0 35.0
%CPU     %MEM    
 104  0.1
PSR %CPU
  0  8.2
  2  0.0
  1  0.0
  3 72.6
  1  0.1
  0  0.0
  3  0.1
  2 27.0
  2 32.5
  1 31.2
%CPU     %MEM    
99.3  0.1
PSR %CPU
  2  9.2
  0  0.0
  1  0.0
  3 64.6
  1  0.1
  0  0.1
  3  0.1
  1  0.0
  0  0.0
  3  0.0
%CPU     %MEM    
 100  0.1
PSR %CPU
  2 10.8
  0  0.0
  1  0.0
  3 61.2
  2  0.1
  0  0.1
  3  0.1
  1  4.0
  0 44.0
  3 27.0
%CPU     %MEM    
 101  0.1
PSR %CPU
  2 11.6
  0  0.0
  1  0.0
  3 58.1
  2  0.1
  0  0.1
  3  0.1
  3  0.0
  0  0.0
  1  0.0
%CPU     %MEM    
 102  0.1
PSR %CPU
  2 12.0
  3  0.0
  1  0.0
  3 55.3
  2  0.1
  0  0.0
  3  0.1
  3 47.0
  0 45.0
  1 26.0
%CPU     %MEM    
 102  0.1
PSR %CPU
  2 11.9
  3  0.0
  1  0.0
  3 56.2
  2  0.1
  0  0.1
  3  0.1
%CPU     %MEM    
98.9  0.1
PSR %CPU
  2 10.9
  3  0.0
  1  0.0
  3 56.4
  2  0.1
  0  0.1
  3  0.1
%CPU     %MEM    
99.7  0.1
PSR %CPU
  2 10.5
  3  0.0
  1  0.0
  3 58.8
  2  0.1
  0  0.1
  3  0.1
%CPU     %MEM    
 100  0.1
PSR %CPU
  2 10.1
  3  0.0
  1  0.0
  3 61.1
  2  0.1
  0  0.1
  3  0.1
%CPU     %MEM    
 101  0.1
PSR %CPU
  2  9.7
  3  0.0
  1  0.0
  3 63.2
  2  0.1
  0  0.1
  3  0.1
%CPU     %MEM    
 101  0.1
PSR %CPU
  2  9.3
  3  0.0
  1  0.0
  3 65.2
  2  0.1
  0  0.1
  3  0.1
%CPU     %MEM    
 102  0.1
PSR %CPU
  2  9.0
  3  0.0
  1  0.0
  3 67.0
  2  0.1
  0  0.1
  3  0.1
%CPU     %MEM    
99.5  0.1
PSR %CPU
  2  8.4
  1  0.0
  1  0.0
  3 66.5
  2  0.1
  0  0.0
  3  0.1
%CPU     %MEM    
 100  0.1
PSR %CPU
  2  8.2
  1  0.0
  1  0.0
  3 68.1
  2  0.1
  0  0.0
  3  0.1
%CPU     %MEM    
 100  0.1
PSR %CPU
  2  7.9
  1  0.0
  1  0.0
  3 69.6
  2  0.1
  0  0.0
  3  0.1
%CPU     %MEM    
 101  0.1
PSR %CPU
  2  7.7
  1  0.0
  1  0.0
  3 71.1
  2  0.1
  0  0.0
  3  0.1
%CPU     %MEM    
 101  0.1
PSR %CPU
  2  7.5
  1  0.0
  1  0.0
  3 72.4
  2  0.1
  0  0.0
  3  0.1
%CPU     %MEM    
99.4  0.1
PSR %CPU
  2  7.1
  1  0.0
  1  0.0
  3 71.7
  2  0.1
  0  0.0
  3  0.1
%CPU     %MEM    
99.8  0.1
PSR %CPU
  2  6.9
  1  0.0
  1  0.0
  3 72.9
  2  0.1
  0  0.0
  3  0.1
%CPU     %MEM    
 100  0.1
PSR %CPU
  2  6.7
  1  0.0
  1  0.0
  3 74.1
  2  0.1
  0  0.0
  3  0.1
%CPU     %MEM    
 100  0.1
PSR %CPU
  2  6.5
  1  0.0
  1  0.0
  3 75.1
  2  0.1
  0  0.0
  3  0.1
%CPU     %MEM    
 101  0.1
PSR %CPU
  2  6.4
  1  0.0
  1  0.0
  3 76.2
  2  0.0
  0  0.0
  3  0.0
%CPU     %MEM    
 101  0.1
PSR %CPU
  2  6.2
  1  0.0
  1  0.0
  3 77.2
  2  0.0
  0  0.0
  3  0.0
%CPU     %MEM    
99.6  0.1
PSR %CPU
  2  5.9
  1  0.0
  1  0.0
  3 76.3
  2  0.0
  0  0.0
  3  0.0
%CPU     %MEM    
 100  0.1
PSR %CPU
  2  5.8
  1  0.0
  1  0.0
  3 77.2
  2  0.0
  0  0.0
  3  0.0
%CPU     %MEM    
 100  0.2
PSR %CPU
  0  5.8
  0  0.0
  2  0.0
  3 77.2
  3  0.0
  0  0.0
  0  0.0
  0  0.0
  2  0.0
  1  0.0
%CPU     %MEM    
 100  0.2
PSR %CPU
  0  5.8
  0  0.0
  1  0.0
  3 75.5
  3  0.0
  0  0.0
  0  0.0
  0  5.0
  2 83.0
  1 59.0
%CPU     %MEM    
 101  0.2
PSR %CPU
  0  5.6
  0  0.0
  1  0.0
  3 74.0
  3  0.0
  0  0.0
  0  0.0
  0  2.5
  2 58.0
  1 72.5
%CPU     %MEM    
 101  0.2
PSR %CPU
  0  5.5
  0  0.0
  1  0.0
  3 72.4
  3  0.0
  0  0.0
  0  0.0
  0  1.6
  2 61.0
  1 65.6
%CPU     %MEM    
99.8  0.2
PSR %CPU
  0  5.3
  0  0.0
  0  0.0
  3 69.6
  3  0.0
  0  0.0
  0  0.0
  0  1.0
  2 42.4
  1 57.4
%CPU     %MEM    
99.9  0.2
PSR %CPU
  2  5.4
  2  0.0
  0  0.0
  3 68.3
  0  0.0
  0  0.0
  3  0.0
  3  0.0
  0  0.0
  3  0.0
%CPU     %MEM    
 100  0.2
PSR %CPU
  2  5.3
  2  0.0
  0  0.0
  3 67.0
  0  0.0
  0  0.0
  3  0.0
  0  3.0
  0 52.0
  3 81.0
%CPU     %MEM    
 100  0.2
PSR %CPU
  2  5.4
  2  0.0
  0  0.0
  3 65.7
  2  0.0
  0  0.0
  3  0.0
  0  0.0
  1  0.0
  3  0.0
%CPU     %MEM    
 100  0.2
PSR %CPU
  2  5.3
  2  0.0
  0  0.0
  3 64.5
  2  0.0
  0  0.0
  3  0.0
  0  4.0
  1 52.0
  3  117
%CPU     %MEM    
98.5  0.2
PSR %CPU
  2  5.1
  2  0.0
  0  0.0
  3 62.3
  1  0.1
  0  0.0
  1  0.1
  2  0.0
  2  0.0
  0 57.0
%CPU     %MEM    
98.8  0.2
PSR %CPU
  2  5.0
  2  0.0
  0  0.0
  3 61.2
  1  0.1
  0  0.0
  1  0.1
  2  0.0
  2  0.0
  0 88.0
%CPU     %MEM    
99.2  0.2
PSR %CPU
  2  4.9
  2  0.0
  0  0.0
  3 60.2
  1  0.1
  0  0.0
  1  0.1
  2  0.0
  2  0.0
  0 97.6
%CPU     %MEM    
99.5  0.2
PSR %CPU
  2  4.9
  2  0.0
  0  0.0
  3 59.2
  1  0.1
  0  0.1
  1  0.1
  3  0.0
  1  0.0
  1  0.0
%CPU     %MEM    
99.7  0.2
PSR %CPU
  2  4.8
  2  0.0
  0  0.0
  3 58.2
  3  0.0
  0  0.0
  1  0.0
  3  0.0
  2  0.0
  0  0.0
%CPU     %MEM    
 100  0.2
PSR %CPU
  2  4.7
  2  0.0
  0  0.0
  3 57.2
  3  0.0
  0  0.0
  1  0.0
  3  0.0
  2  0.0
  0  136
%CPU     %MEM    
98.6  0.2
PSR %CPU
  0  4.6
  2  0.0
  0  0.0
  3 55.5
  0  0.1
  2  0.0
  1  0.1
  2  0.0
  3 14.0
  1 84.0
%CPU     %MEM    
98.9  0.2
PSR %CPU
  0  4.5
  2  0.0
  0  0.0
  3 54.6
  0  0.1
  2  0.0
  1  0.1
  2  0.0
  3 29.0
  1 79.5
%CPU     %MEM    
99.2  0.2
PSR %CPU
  0  4.4
  2  0.0
  0  0.0
  3 53.8
  0  0.1
  2  0.0
  1  0.1
  2  0.0
  3 29.6
  1 82.0
%CPU     %MEM    
99.5  0.2
PSR %CPU
  0  4.4
  2  0.0
  0  0.0
  3 53.0
  0  0.1
  2  0.0
  1  0.1
  2  0.0
  3 27.0
  1 86.5
%CPU     %MEM    
99.8  0.2
PSR %CPU
  0  4.3
  2  0.0
  0  0.0
  3 52.2
  0  0.1
  2  0.1
  1  0.1
  1  0.0
  1  0.0
  3  0.0
%CPU     %MEM    
 100  0.2
PSR %CPU
  0  4.2
  2  0.0
  0  0.0
  3 51.5
  0  0.1
  2  0.1
  1  0.1
  1  0.0
  3  8.0
  2  109
%CPU     %MEM    
98.9  0.3
PSR %CPU
  0  4.1
  2  0.0
  0  0.0
  3 50.0
  1  0.1
  0  0.1
  1  0.1
  1  0.0
  0  0.0
  3 16.0
%CPU     %MEM    
99.1  0.3
PSR %CPU
  0  4.1
  2  0.0
  0  0.0
  3 49.3
  1  0.1
  0  0.1
  1  0.1
  1  0.0
  0  3.5
  3 63.0
%CPU     %MEM    
99.3  0.3
PSR %CPU
  1  4.1
  0  0.0
  1  0.0
  3 48.6
  0  0.1
  2  0.1
  1  0.1
  2  0.0
  0  0.0
  1  0.0
%CPU     %MEM    
99.5  0.3
PSR %CPU
  1  4.0
  0  0.0
  1  0.0
  3 48.0
  0  0.1
  2  0.1
  1  0.1
  2  8.0
  0  5.0
  1  127
%CPU     %MEM    
99.8  0.3
PSR %CPU
  1  4.0
  0  0.0
  1  0.0
  3 47.3
  0  0.1
  2  0.1
  1  0.1
  2  4.0
  0  2.5
  1  123
%CPU     %MEM    
98.7  0.3
PSR %CPU
  1  3.9
  0  0.0
  1  0.0
  3 46.1
  0  0.1
  2  0.1
  1  0.1
  2  2.0
  0  1.2
  1 91.2
%CPU     %MEM    
99.0  0.3
PSR %CPU
  1  3.8
  0  0.0
  1  0.0
  3 45.5
  0  0.1
  2  0.1
  1  0.1
  2  1.6
  0  1.0
  1 96.6
%CPU     %MEM    
99.2  0.3
PSR %CPU
  1  3.8
  2  0.0
  1  0.0
  3 44.9
  0  0.1
  1  0.1
  2  0.1
  2  0.0
  3  0.0
  0  0.0
%CPU     %MEM    
99.5  0.3
PSR %CPU
  1  3.8
  2  0.0
  1  0.0
  3 44.4
  0  0.1
  1  0.1
  2  0.1
  2 52.0
  3  2.0
  0 93.0
%CPU     %MEM    
99.7  0.3
PSR %CPU
  1  3.7
  2  0.0
  1  0.0
  3 43.8
  0  0.1
  1  0.0
  2  0.1
  2 42.0
  3  1.0
  0 89.5
%CPU     %MEM    
99.9  0.3
PSR %CPU
  1  3.7
  3  0.0
  1  0.0
  3 43.3
  0  0.1
  1  0.0
  2  0.1
  3  0.0
  3  0.0
  0  0.0
%CPU     %MEM    
98.9  0.3
PSR %CPU
  1  3.6
  3  0.0
  1  0.0
  3 42.3
  0  0.1
  1  0.0
  2  0.1
  3 24.0
  3  1.0
  1 40.0
%CPU     %MEM    
99.2  0.3
PSR %CPU
  1  3.6
  3  0.0
  1  0.0
  3 41.8
  0  0.1
  1  0.0
  2  0.1
  3 29.6
  3  0.6
  1 53.0
%CPU     %MEM    
99.3  0.3
PSR %CPU
  1  3.5
  1  0.0
  1  0.0
  3 41.3
  2  0.1
  0  0.1
  0  0.1
%CPU     %MEM    
99.4  0.3
PSR %CPU
  3  3.5
  1  0.0
  1  0.0
  3 40.8
  1  0.1
  0  0.1
  2  0.1
  0  2.0
  3  2.0
  0 92.0
%CPU     %MEM    
99.6  0.3
PSR %CPU
  3  3.5
  1  0.0
  1  0.0
  3 40.4
  1  0.1
  0  0.1
  2  0.1
  0  1.0
  3  1.0
  0  105
%CPU     %MEM    
99.8  0.3
PSR %CPU
  3  3.4
  1  0.0
  1  0.0
  3 39.9
  1  0.1
  0  0.1
  2  0.1
  0  0.6
  3  0.6
  0  109
%CPU     %MEM    
98.9  0.3
PSR %CPU
  3  3.4
  1  0.0
  1  0.0
  3 39.0
  1  0.1
  0  0.0
  2  0.1
  0  0.4
  3  0.4
  0 89.2
%CPU     %MEM    
99.1  0.3
PSR %CPU
  3  3.4
  1  0.0
  3  0.0
  3 38.6
  1  0.1
  2  0.1
  2  0.1
  1  0.0
  2  0.0
  3  0.0
%CPU     %MEM    
99.3  0.3
PSR %CPU
  3  3.3
  1  0.0
  2  0.0
  3 38.2
  1  0.1
  2  0.1
  2  0.1
  1  8.0
  2 13.0
  3  115
%CPU     %MEM    
99.5  0.4
PSR %CPU
  1  3.3
  1  0.0
  2  0.0
  3 37.8
  1  0.1
  0  0.1
  2  0.1
  2  0.0
  1  0.0
  0  0.0
%CPU     %MEM    
99.7  0.4
PSR %CPU
  1  3.3
  1  0.0
  2  0.0
  3 37.4
  1  0.1
  0  0.1
  2  0.1
  2  9.0
  1 18.0
  3  102
%CPU     %MEM    
99.9  0.4
PSR %CPU
  1  3.2
  1  0.0
  2  0.0
  3 37.1
  2  0.1
  0  0.1
  0  0.1
%CPU     %MEM    
99.1  0.4
PSR %CPU
  1  3.2
  1  0.0
  2  0.0
  3 37.5
  2  0.1
  0  0.1
  0  0.1
%CPU     %MEM    
99.1  0.4
PSR %CPU
  1  3.2
  1  0.0
  2  0.0
  3 38.0
  2  0.1
  0  0.1
  0  0.1
  2  0.0
  2  0.0
  2  0.0
%CPU     %MEM    
99.3  0.4
PSR %CPU
  1  3.2
  1  0.0
  1  0.0
  3 37.6
  2  0.1
  0  0.1
  0  0.1
  2  0.0
  2  0.0
  2  130
%CPU     %MEM    
99.5  0.4
PSR %CPU
  1  3.1
  1  0.0
  1  0.0
  3 37.2
  2  0.1
  0  0.1
  0  0.1
  2  0.0
  2  0.0
  2  124
%CPU     %MEM    
99.7  0.4
PSR %CPU
  1  3.1
  1  0.0
  1  0.0
  3 36.9
  2  0.1
  0  0.1
  0  0.1
  2  0.0
  2  0.0
  2  122
%CPU     %MEM    
98.9  0.4
PSR %CPU
  1  3.0
  1  0.0
  1  0.0
  3 36.1
  2  0.1
  0  0.1
  0  0.1
  2  0.0
  2  0.0
  2 96.8
%CPU     %MEM    
99.0  0.4
PSR %CPU
  1  3.0
  0  0.0
  0  0.0
  3 35.8
  1  0.1
  0  0.1
  2  0.1
  3  0.0
  3  0.0
  3 91.0
%CPU     %MEM    
99.2  0.4
PSR %CPU
  0  3.0
  0  0.0
  0  0.0
  3 35.5
  1  0.1
  1  0.1
  2  0.1
  1  0.0
  3  0.0
  2  0.0
%CPU     %MEM    
99.4  0.4
PSR %CPU
  0  3.0
  0  0.0
  0  0.0
  3 35.1
  1  0.1
  1  0.1
  2  0.1
  1  0.0
  3  0.0
  2  115
%CPU     %MEM    
99.5  0.4
PSR %CPU
  0  3.0
  0  0.0
  0  0.0
  3 34.9
  1  0.1
  2  0.1
  3  0.1
%CPU     %MEM    
99.7  0.4
PSR %CPU
  0  2.9
  0  0.0
  0  0.0
  3 35.7
  1  0.1
  2  0.1
  3  0.1
%CPU     %MEM    
99.0  0.4
PSR %CPU
  0  2.9
  0  0.0
  0  0.0
  3 36.1
  1  0.1
  2  0.1
  3  0.1
%CPU     %MEM    
99.1  0.4
PSR %CPU
  0  2.9
  0  0.0
  0  0.0
  3 36.8
  1  0.1
  2  0.1
  3  0.1
%CPU     %MEM    
99.3  0.4
PSR %CPU
  0  2.8
  0  0.0
  0  0.0
  3 37.5
  1  0.1
  2  0.1
  3  0.1
%CPU     %MEM    
99.5  0.4
PSR %CPU
  0  2.8
  0  0.0
  0  0.0
  3 38.2
  1  0.1
  2  0.1
  3  0.1
%CPU     %MEM    
99.6  0.4
PSR %CPU
  0  2.8
  0  0.0
  0  0.0
  3 38.9
  1  0.1
  2  0.1
  3  0.1
%CPU     %MEM    
99.8  0.4
PSR %CPU
  0  2.8
  0  0.0
  0  0.0
  3 39.6
  1  0.1
  2  0.1
  3  0.1
%CPU     %MEM    
99.1  0.4
PSR %CPU
  0  2.7
  0  0.0
  0  0.0
  3 39.9
  1  0.1
  2  0.1
  3  0.1
%CPU     %MEM    
99.2  0.4
PSR %CPU
  0  2.7
  0  0.0
  0  0.0
  3 40.6
  1  0.1
  2  0.1
  3  0.1
%CPU     %MEM    
99.1  0.5
PSR %CPU
  0  2.7
  0  0.0
  0  0.0
  3 40.8
  1  0.1
  2  0.1
  3  0.1
  0  0.0
  1  0.0
  0  0.0
%CPU     %MEM    
99.3  0.5
PSR %CPU
  0  2.7
  0  0.0
  0  0.0
  3 40.5
  1  0.1
  2  0.1
  3  0.1
  0  0.0
  1 12.0
  0  120
%CPU     %MEM    
98.6  0.5
PSR %CPU
  0  2.6
  3  0.0
  3  0.0
  3 39.8
  1  0.1
  2  0.1
  3  0.1
  0  0.0
  1  4.0
  0 79.0
%CPU     %MEM    
98.8  0.5
PSR %CPU
  0  2.6
  3  0.0
  3  0.0
  3 39.5
  1  0.1
  2  0.1
  3  0.1
  0  0.0
  1  3.0
  0 88.7
%CPU     %MEM    
98.9  0.5
PSR %CPU
  0  2.6
  3  0.0
  3  0.0
  3 39.2
  1  0.1
  2  0.1
  3  0.1
  0  0.0
  1  2.4
  0 94.4
%CPU     %MEM    
99.0  0.4
PSR %CPU
  0  2.6
  3  0.0
  3  0.0
  3 38.9
  1  0.1
  2  0.1
  3  0.1
  1  0.0
  2  0.0
  1  0.0
%CPU     %MEM    
99.2  0.4
PSR %CPU
  0  2.5
  3  0.0
  3  0.0
  3 38.6
  1  0.1
  2  0.1
  3  0.1
  1  0.0
  2  6.0
  1  154
%CPU     %MEM    
99.3  0.4
PSR %CPU
  0  2.5
  3  0.0
  2  0.0
  3 38.3
  1  0.1
  2  0.1
  3  0.1
  2  0.0
  3  0.0
  2  0.0
%CPU     %MEM    
98.7  0.4
PSR %CPU
  0  2.5
  3  0.0
  2  0.0
  3 37.7
  1  0.1
  2  0.1
  3  0.1
  2  0.0
  3  3.0
  2 88.0
%CPU     %MEM    
98.8  0.5
PSR %CPU
  0  2.5
  3  0.0
  2  0.0
  3 38.1
  1  0.1
  2  0.1
  3  0.1
%CPU     %MEM    
98.9  0.5
PSR %CPU
  0  2.5
  3  0.0
  2  0.0
  3 38.7
  1  0.1
  2  0.1
  3  0.1
%CPU     %MEM    
99.1  0.5
PSR %CPU
  0  2.4
  3  0.0
  2  0.0
  3 39.3
  1  0.1
  2  0.1
  3  0.1
%CPU     %MEM    
99.2  0.5
PSR %CPU
  0  2.4
  3  0.0
  2  0.0
  3 39.9
  1  0.1
  2  0.1
  3  0.1
%CPU     %MEM    
99.3  0.5
PSR %CPU
  0  2.4
  3  0.0
  2  0.0
  3 40.4
  1  0.1
  2  0.1
  3  0.1
%CPU     %MEM    
98.7  0.5
PSR %CPU
  0  2.4
  3  0.0
  2  0.0
  3 40.6
  1  0.1
  2  0.1
  3  0.1
  1  0.0
  1  0.0
  2  0.0
%CPU     %MEM    
98.9  0.5
PSR %CPU
  0  2.3
  3  0.0
  2  0.0
  3 40.3
  1  0.1
  2  0.1
  3  0.1
  1  0.0
  1  4.0
  2  119
%CPU     %MEM    
99.0  0.5
PSR %CPU
  0  2.3
  3  0.0
  2  0.0
  3 40.0
  1  0.1
  2  0.1
  3  0.1
  1  0.0
  1  2.0
  2  119
%CPU     %MEM    
99.2  0.5
PSR %CPU
  0  2.3
  3  0.0
  2  0.0
  3 39.8
  1  0.1
  2  0.1
  3  0.1
  1  0.0
  1  1.3
  2  118
%CPU     %MEM    
99.3  0.5
PSR %CPU
  0  2.3
  3  0.0
  2  0.0
  3 39.5
  1  0.1
  2  0.1
  3  0.1
  1  0.0
  1  1.0
  2  118
%CPU     %MEM    
98.7  0.5
PSR %CPU
  0  2.3
  3  0.0
  2  0.0
  3 38.9
  1  0.1
  2  0.1
  3  0.1
  1  0.0
  3  2.0
  1 92.0
%CPU     %MEM    
98.9  0.5
PSR %CPU
  0  2.3
  3  0.0
  2  0.0
  3 38.7
  1  0.1
  2  0.1
  3  0.1
  3  0.0
  2  0.0
  3  0.0
%CPU     %MEM    
99.0  0.5
PSR %CPU
  0  2.2
  3  0.0
  2  0.0
  3 38.4
  1  0.1
  2  0.1
  3  0.1
  3  0.0
  2  2.0
  3  127
%CPU     %MEM    
99.1  0.5
PSR %CPU
  0  2.2
  3  0.0
  2  0.0
  3 38.4
  1  0.1
  2  0.1
  3  0.1
%CPU     %MEM    
99.2  0.5
PSR %CPU
  0  2.2
  3  0.0
  2  0.0
  3 38.9
  1  0.1
  2  0.1
  3  0.1
%CPU     %MEM    
99.3  0.5
PSR %CPU
  0  2.2
  3  0.0
  2  0.0
  3 39.5
  1  0.1
  2  0.1
  3  0.1
%CPU     %MEM    
98.8  0.5
PSR %CPU
  0  2.2
  3  0.0
  2  0.0
  3 39.7
  1  0.1
  2  0.1
  3  0.1
%CPU     %MEM    
98.9  0.5
PSR %CPU
  0  2.2
  3  0.0
  2  0.0
  3 40.3
  1  0.1
  2  0.1
  3  0.1
%CPU     %MEM    
99.1  0.5
PSR %CPU
  0  2.1
  3  0.0
  2  0.0
  3 40.8
  1  0.1
  2  0.1
  3  0.1
%CPU     %MEM    
99.2  0.5
PSR %CPU
  2  2.2
  2  0.0
  2  0.0
  3 40.9
  1  0.1
  2  0.1
  3  0.1
  3  0.0
  0  0.0
  3  0.0
%CPU     %MEM    
99.3  0.5
PSR %CPU
  2  2.2
  2  0.0
  2  0.0
  3 40.6
  1  0.1
  2  0.1
  3  0.1
  3  0.0
  0  2.0
  3  172
%CPU     %MEM    
98.8  0.5
PSR %CPU
  2  2.1
  2  0.0
  2  0.0
  3 40.1
  1  0.1
  2  0.1
  3  0.1
  3  0.0
  0  0.6
  3 96.6
%CPU     %MEM    
98.9  0.5
PSR %CPU
  2  2.1
  2  0.0
  2  0.0
  3 39.8
  1  0.1
  2  0.1
  3  0.1
  3  0.0
  0  0.5
  3  101
%CPU     %MEM    
99.0  0.5
PSR %CPU
  0  2.1
  2  0.0
  2  0.0
  3 39.6
  1  0.1
  2  0.1
  3  0.1
  1  0.0
  0  0.0
  2  0.0
%CPU     %MEM    
99.1  0.5
PSR %CPU
  0  2.1
  2  0.0
  2  0.0
  3 39.3
  1  0.1
  2  0.1
  3  0.1
  1  0.0
  0  0.0
  2  146
%CPU     %MEM    
98.9  0.5
PSR %CPU
  0  2.1
  2  0.0
  2  0.0
  3 39.1
  1  0.1
  2  0.1
  3  0.1
  0  0.0
  1  0.0
  0  0.0
%CPU     %MEM    
99.1  0.5
PSR %CPU
  0  2.1
  2  0.0
  2  0.0
  3 38.8
  1  0.1
  2  0.1
  3  0.1
  0  0.0
  1  0.0
  0  146
%CPU     %MEM    
98.5  0.6
PSR %CPU
  0  2.1
  2  0.0
  2  0.0
  3 38.4
  1  0.1
  2  0.1
  3  0.1
  1  0.0
  1  0.0
  3 77.0
%CPU     %MEM    
98.7  0.6
PSR %CPU
  0  2.0
  2  0.0
  2  0.0
  3 38.1
  1  0.1
  2  0.1
  3  0.1
  1  0.0
  1  0.0
  3 97.0
%CPU     %MEM    
98.8  0.5
PSR %CPU
  0  2.0
  2  0.0
  2  0.0
  3 37.9
  1  0.1
  2  0.1
  3  0.1
  1  0.0
  2  0.0
  1 67.0
%CPU     %MEM    
98.8  0.5
PSR %CPU
  0  2.0
  2  0.0
  2  0.0
  3 37.7
  1  0.1
  2  0.1
  3  0.1
  3  0.0
  3  0.0
  3  0.0
%CPU     %MEM    
98.9  0.5
PSR %CPU
  0  2.0
  2  0.0
  2  0.0
  3 37.8
  1  0.1
  2  0.1
  3  0.1
%CPU     %MEM    
99.1  0.6
PSR %CPU
  0  2.1
  1  0.0
  2  0.0
  3 37.7
  1  0.1
  2  0.1
  3  0.1
  1  0.0
  1  0.0
  2  0.0
%CPU     %MEM    
98.6  0.6
PSR %CPU
  0  2.1
  1  0.0
  2  0.0
  3 37.2
  1  0.1
  2  0.1
  3  0.1
  1  1.0
  1  0.0
  2 99.0
%CPU     %MEM    
98.7  0.6
PSR %CPU
  0  2.0
  1  0.0
  2  0.0
  3 37.0
  1  0.1
  2  0.1
  3  0.1
  1  0.6
  1  0.0
  2  105
%CPU     %MEM    
98.8  0.6
PSR %CPU
  0  2.0
  1  0.0
  2  0.0
  3 36.8
  1  0.1
  2  0.1
  3  0.1
  1  0.5
  1  0.0
  2  108
%CPU     %MEM    
98.9  0.6
PSR %CPU
  0  2.0
  1  0.0
  2  0.0
  3 36.6
  1  0.1
  2  0.1
  3  0.1
  1  0.0
  3  0.0
  3  0.0
%CPU     %MEM    
99.0  0.6
PSR %CPU
  0  2.1
  1  0.0
  2  0.0
  3 36.4
  1  0.1
  2  0.1
  3  0.1
  1  6.0
  3  0.0
  3  104
%CPU     %MEM    
98.5  0.6
PSR %CPU
  0  2.1
  1  0.0
  2  0.0
  3 35.9
  1  0.1
  2  0.1
  3  0.1
  1  2.0
  2  0.0
  1  9.0
%CPU     %MEM    
98.7  0.6
PSR %CPU
  1  2.1
  1  0.0
  2  0.0
  3 35.7
  1  0.1
  2  0.1
  3  0.1
  1  4.0
  2  0.0
  0 56.0
%CPU     %MEM    
98.8  0.6
PSR %CPU
  1  2.1
  3  0.0
  2  0.0
  3 35.5
  2  0.1
  2  0.1
  3  0.1
  3  0.0
  0  0.0
  1  0.0
%CPU     %MEM    
98.9  0.6
PSR %CPU
  1  2.1
  3  0.0
  2  0.0
  3 35.3
  2  0.1
  2  0.1
  3  0.1
  3  4.0
  0  1.0
  1  131
%CPU     %MEM    
99.0  0.6
PSR %CPU
  1  2.1
  3  0.0
  2  0.0
  3 35.2
  2  0.1
  2  0.1
  3  0.1
  3  2.0
  0  0.5
  1  124
%CPU     %MEM    
99.1  0.6
PSR %CPU
  1  2.1
  3  0.0
  2  0.0
  3 35.0
  2  0.1
  2  0.1
  3  0.1
  3  1.3
  0  0.3
  1  122
%CPU     %MEM    
98.6  0.6
PSR %CPU
  1  2.1
  3  0.0
  2  0.0
  3 34.6
  2  0.1
  3  0.1
  3  0.1
  3  0.0
  3  0.0
  0  0.0
%CPU     %MEM    
98.7  0.6
PSR %CPU
  1  2.1
  3  0.0
  2  0.0
  3 34.4
  2  0.1
  3  0.1
  3  0.1
  0  2.0
  3  1.0
  0  114
%CPU     %MEM    
98.8  0.6
PSR %CPU
  1  2.1
  3  0.0
  2  0.0
  3 34.2
  2  0.1
  3  0.1
  0  0.1
  2  0.0
  2  0.0
  3  0.0
%CPU     %MEM    
98.9  0.6
PSR %CPU
  1  2.0
  3  0.0
  2  0.0
  3 34.0
  2  0.1
  3  0.1
  0  0.1
  2  3.0
  2  1.0
  3  140
%CPU     %MEM    
99.0  0.7
PSR %CPU
  2  2.1
  3  0.0
  2  0.0
  3 33.8
  2  0.1
  2  0.1
  0  0.1
  2  0.0
  3  0.0
  1  0.0
%CPU     %MEM    
99.1  0.7
PSR %CPU
  2  2.1
  3  0.0
  2  0.0
  3 33.7
  2  0.1
  2  0.1
  0  0.1
  2  4.0
  3  4.0
  1  155
%CPU     %MEM    
98.7  0.7
PSR %CPU
  2  2.0
  3  0.0
  2  0.0
  3 33.3
  2  0.1
  2  0.1
  0  0.1
  2  1.3
  3  1.3
  1 91.3
%CPU     %MEM    
98.8  0.7
PSR %CPU
  2  2.0
  3  0.0
  2  0.0
  3 33.1
  2  0.1
  2  0.1
  0  0.1
  2  1.0
  3  1.0
  1 97.7
%CPU     %MEM    
98.9  0.7
PSR %CPU
  2  2.0
  3  0.0
  2  0.0
  3 33.0
  0  0.1
  1  0.1
  2  0.1
  3  0.0
  3  0.0
  3  0.0
%CPU     %MEM    
99.0  0.7
PSR %CPU
  2  2.0
  3  0.0
  2  0.0
  3 32.8
  0  0.1
  1  0.1
  2  0.1
  0  2.0
  2  2.0
  3  110
%CPU     %MEM    
99.1  0.6
PSR %CPU
  3  2.0
  3  0.0
  2  0.0
  3 32.6
  0  0.1
  1  0.1
  2  0.1
  0  0.0
  2  0.0
  1  0.0
%CPU     %MEM    
98.6  0.6
PSR %CPU
  3  2.0
  3  0.0
  2  0.0
  3 32.3
  0  0.1
  1  0.1
  2  0.1
  0  1.0
  2  0.5
  1 66.5
%CPU     %MEM    
98.7  0.7
PSR %CPU
  1  2.0
  3  0.0
  2  0.0
  3 32.1
  0  0.1
  1  0.1
  2  0.1
  0  0.0
  3  0.0
  2 37.0
%CPU     %MEM    
98.8  0.7
PSR %CPU
  1  2.0
  3  0.0
  2  0.0
  3 32.0
  0  0.1
  1  0.1
  2  0.1
  0  0.0
  3  0.0
  2 77.5
%CPU     %MEM    
98.9  0.7
PSR %CPU
  1  2.0
  3  0.0
  2  0.0
  3 31.8
  0  0.1
  1  0.1
  2  0.1
  0  0.0
  3  0.0
  2 91.0
%CPU     %MEM    
99.0  0.7
PSR %CPU
  1  2.0
  3  0.0
  2  0.0
  3 31.6
  0  0.1
  0  0.1
  2  0.1
  3  0.0
  0  0.0
  3  0.0
%CPU     %MEM    
99.1  0.7
PSR %CPU
  1  2.0
  3  0.0
  2  0.0
  3 31.5
  2  0.1
  0  0.1
  2  0.1
  2  0.0
  0  0.0
  2  0.0
%CPU     %MEM    
98.7  0.7
PSR %CPU
  1  2.0
  3  0.0
  2  0.0
  3 31.2
  1  0.1
  1  0.1
  0  0.1
%CPU     %MEM    
98.7  0.8
PSR %CPU
  0  2.0
  3  0.0
  2  0.0
  3 31.0
  1  0.1
  1  0.1
  0  0.1
  0  0.0
  2  0.0
  3  115
%CPU     %MEM    
98.8  0.8
PSR %CPU
  0  2.0
  2  0.0
  2  0.0
  3 30.9
  1  0.1
  1  0.1
  0  0.1
  0  0.0
  2  0.0
  3  116
%CPU     %MEM    
98.9  0.8
PSR %CPU
  0  2.0
  2  0.0
  2  0.0
  3 30.7
  1  0.1
  1  0.1
  0  0.1
  0  0.0
  2  0.0
  3  116
%CPU     %MEM    
99.0  0.8
PSR %CPU
  0  1.9
  2  0.0
  2  0.0
  3 30.6
  1  0.1
  0  0.1
  0  0.1
  2  0.0
  2  0.0
  2  0.0
%CPU     %MEM    
99.1  0.8
PSR %CPU
  0  1.9
  2  0.0
  2  0.0
  3 30.4
  1  0.1
  0  0.1
  0  0.1
  2  0.0
  2  0.0
  2  170
%CPU     %MEM    
98.7  0.8
PSR %CPU
  1  1.9
  2  0.0
  0  0.0
  3 30.1
  1  0.1
  2  0.1
  0  0.1
  2  0.0
  3  0.0
  3  105
%CPU     %MEM    
98.8  0.8
PSR %CPU
  1  1.9
  2  0.0
  0  0.0
  3 30.0
  0  0.1
  2  0.1
  0  0.1
  1  0.0
  3  0.0
  0  0.0
%CPU     %MEM    
98.9  0.8
PSR %CPU
  1  1.9
  2  0.0
  0  0.0
  3 29.9
  0  0.1
  2  0.1
  0  0.1
  1  0.0
  3  0.0
  0  151
%CPU     %MEM    
98.9  0.8
PSR %CPU
  1  1.9
  2  0.0
  0  0.0
  3 29.7
  0  0.1
  2  0.1
  0  0.1
  1  0.0
  3  0.0
  0  134
%CPU     %MEM    
99.0  0.8
PSR %CPU
  1  1.9
  2  0.0
  0  0.0
  3 29.6
  0  0.1
  2  0.1
  0  0.1
  1  0.0
  3  0.0
  0  128
%CPU     %MEM    
98.6  0.8
PSR %CPU
  1  1.9
  2  0.0
  0  0.0
  3 29.3
  2  0.1
  0  0.1
  0  0.1
  1  0.0
  3  0.0
  0 16.0
%CPU     %MEM    
98.7  0.8
PSR %CPU
  1  1.9
  2  0.0
  0  0.0
  3 29.2
  2  0.1
  0  0.1
  0  0.1
  1  0.0
  3  0.0
  0 67.5
%CPU     %MEM    
98.8  0.8
PSR %CPU
  1  1.9
  2  0.0
  0  0.0
  3 29.0
  2  0.1
  0  0.1
  1  0.1
  2  0.0
  3  0.0
  3 47.0
%CPU     %MEM    
98.9  0.8
PSR %CPU
  1  1.9
  2  0.0
  0  0.0
  3 28.9
  2  0.1
  0  0.1
  1  0.1
  2  0.0
  3  0.0
  3 82.5
%CPU     %MEM    
99.0  0.8
PSR %CPU
  2  1.9
  2  0.0
  0  0.0
  3 28.8
  2  0.1
  0  0.1
  1  0.1
  0  0.0
  1  0.0
  3  0.0
%CPU     %MEM    
99.1  0.8
PSR %CPU
  2  1.8
  2  0.0
  0  0.0
  3 28.5
  2  0.1
  0  0.1
  1  0.1
  0  2.0
  1  0.0
  3 93.0
%CPU     %MEM    
98.7  0.8
PSR %CPU
  2  1.8
  2  0.0
  0  0.0
  3 28.4
  2  0.1
  0  0.1
  1  0.1
  0  1.3
  1  0.0
  3  101
%CPU     %MEM    
98.8  0.8
PSR %CPU
  2  1.8
  2  0.0
  0  0.0
  3 28.3
  2  0.1
  0  0.1
  1  0.1
  0  1.0
  1  0.0
  3  105
%CPU     %MEM    
98.9  0.8
PSR %CPU
  2  1.8
  2  0.0
  0  0.0
  3 28.1
  2  0.1
  0  0.1
  1  0.1
  2  2.0
  2  0.0
  1 81.0
%CPU     %MEM    
98.9  0.8
PSR %CPU
  2  1.8
  2  0.0
  0  0.0
  3 28.0
  1  0.1
  0  0.1
  0  0.1
  3  0.0
  0  0.0
  1  0.0
%CPU     %MEM    
99.0  0.8
PSR %CPU
  2  1.8
  2  0.0
  0  0.0
  3 27.9
  1  0.1
  0  0.1
  0  0.1
  3  2.0
  0  0.0
  1  124
%CPU     %MEM    
98.7  0.9
PSR %CPU
  2  1.8
  2  0.0
  0  0.0
  2  0.1
  1  0.1
  0  0.1
  3  3.0
  0  0.0
  2 36.0
%CPU     %MEM    
98.7  0.9
PSR %CPU
  2  1.8
  2  0.0
  0  0.0
  2  0.1
  1  0.1
  0  0.1
  3  2.5
  0  0.0
  2 76.0
%CPU     %MEM    
98.8  0.9
PSR %CPU
  2  1.8
  2  0.0
  0  0.0
  3  0.1
  1  0.1
  0  0.1
  3  0.0
  2  0.0
  1  0.0
%CPU     %MEM    
98.9  0.9
PSR %CPU
  2  1.8
  2  0.0
  0  0.0
  3  0.1
  1  0.1
  0  0.1
  3  2.0
  2  0.0
  1  129
%CPU     %MEM    