0
300
600
900
1200
1500
1800
2100
2700
3000
3300
3600
3900
4200
4500
4500
5100
5100
5400
5700
6000
6300
6600
6900
7200
7800
8100
8400
8700
9000
9300
9600
9900
10200
10500
10800
11100
11100
11400
11700
12000
12300
12600
12900
12900
13200
13500
13800
14100
14400
14700
15000
15300
15900
16200
16500
17100
17400
18000
18300
18600
19200
19500
19800
20400
20700
21000
21600
21900
22200
22500
23100
23400
24000
24300
24600
24900
25500
25800
26100
26700
27000
27300
27900
28200
28500
28800
29100
29400
29700
30000
30300
30600
30900
31200
31500
31800
32100
32400
32700
33000
33300
33600
33900
34200
34500
34800
35100
35400
35700
36000
36300
36900
37200
37500
37800
38100
38700
39000
39300
39900
40200
40500
41100
41400
41700
41700
42000
42300
42600
42900
43200
43500
43800
44100
44400
44700
45000
45300
45600
45900
46200
46500
46800
47100
47700
48000
48300
48300
48600
48600
48900
48900
49200
49500
49800
50100
50700
51000
51300
51600
51900
52200
52500
52800
53100
53700
54000
54300
54600
54900
55200
55500
55800
56100
56400
56700
57000
57300
57600
57900
58200
58500
59100
59400
59700
60000
60300
60600
60900
61200
61500
61800
62100
62400
62700
63000
63600
63900
64200
64500
64800
65400
65700
66000
66300
66600
66900
67200
67500
68100
68400
68700
69000
69300
69600
69900
70200
70500
70800
71100
71400
71700
72000
72600
72900
73200
73500
73800
74100
74400
74700
75300
75600
75900
76200
76500
76800
77400
77700
78000
78300
78600
78900
79200
79800
80100
80400
80700
81000
81300
81600
81900
82500
82500
83100
83400
83700
84000
84300
84600
84900
85500
85800
86100
86400
87000
87300
87600
87900
88200
88500
88800
89400
89700
90000
90300
90600
90900
91200
91800
92100
92400
92700
93000
93300
93600
93900
94200
94500
95100
95400
95700
96000
96300
96600
96900
97200
97500
97800
97800
98100
98700
99000
99600
99900
100200
100500
101100
101400
101700
102300
102600
102900
103500
103800
104100
104700
105000
105300
105600
106200
106500
106800
107100
107700
108000
108300
108600
109200
109500
109800
110100
110700
111000
111300
111600
111900
112200
112500
112800
112800
113100
113400
113700
114000
114300
114600
114900
115200
115500
115800
116100
116400
117000
117300
117600
117900
118200
118500
118800
118800
119100
119400
120000
120300
120600
120900
121200
121500
121800
122100
122400
122700
123000
123300
123600
123900
124500
124800
125100
125400
125700
126000
126600
126900
127200
127500
127800
128100
128400
128700
129000
129300
129600
129900
130200
130500
130800
131100
131400
131700
132000
132600
132900
133200
133500
133800
134100
134400
134700
135000
135300
135600
136200
136500
136500
137100
137400
137700
138000
138300
138600
138900
139200
139800
140100
140400
140700
141000
141000
141300
141600
141900
142500
142800
143100
143400
144000
144300
144600
145200
145500
145800
146400
146700
147000
147300
147900
148200
148500
149100
149400
149700
150300
150600
150900
151500
151800
152400
152700
153000
153300
153600
154200
154500
154800
155100
155400
155700
156000
156300
156600
156900
157200
157500
157800
158100
158400
158700
159000
159300
159600
159900
160200
160500
160800
161100
161400
161700
162000
162300
162600
162900
163200
163800
164100
164100
164700
165000
165300
165600
165900
166200
166500
166800
167100
167400
167700
168000
168300
168600
168900
169200
169500
169800
170100
170400
170700
171000
171300
171600
171900
172200
172800
173100
173400
173700
174000
174300
174600
174900
175200
175500
175800
176100
176400
176700
177000
177600
177900
178200
178500
179100
179100
179400
180000
180300
180600
180900
181200
181500
181800
182100
182400
182400
182700
183000
183300
183600