0
0
1500
1500
3000
3000
4500
4500
6000
6000
7500
7500
9000
9000
10500
10500
10500
10500
10500
10500
10500
10500
10500
10500
12000
12000
12000
12000
12000
12000
12000
12000
12000
12000
12000
12000
12000
12000
12000
12000
13500
13500
15000
15000
16500
18000
19500
21000
21000
22500
24000
24000
25500
27000
28500
30000
30000
31500
31500
31500
33000
33000
34500
34500
36000
36000
36000
37500
37500
39000
39000
40500
42000
42000
42000
43500
43500
45000
45000
46500
48000
48000
49500
49500
49500
51000
51000
52500
52500
54000
54000
55500
55500
55500
57000
58500
58500
58500
60000
60000
61500
63000
63000
64500
64500
66000
67500
67500
67500
69000
69000
70500
72000
72000
73500
73500
75000
75000
76500
76500
78000
78000
79500
79500
81000
81000
82500
82500
84000
84000
85500
87000
87000
88500
88500
88500
88500
90000
90000
91500
91500
91500
91500
91500
91500
91500
91500
91500
91500
93000
94500
94500
96000
96000
97500
97500
99000
99000
100500
102000
103500
105000
106500
108000
109500
111000
112500
112500
114000
114000
114000
115500
115500
117000
117000
118500
118500
120000
120000
121500
121500
123000
123000
124500
126000
126000
127500
127500
129000
129000
130500
130500
132000
132000
133500
133500
135000
136500
136500
138000
138000
139500
139500
141000
141000
141000
142500
144000
145500
147000
148500
150000
151500
153000
154500
156000
156000
157500
157500
159000
159000
159000
160500
160500
162000
162000
163500
163500
165000
165000
166500
168000
168000
169500
169500
171000
171000
172500
174000
174000
175500
175500
175500
177000
178500
180000
180000
181500
181500