%CPU     %MEM    
73.0  0.1
PSR %CPU
  3  1.0
  0  0.0
  2  0.0
  1 64.0
  0  2.0
  0  1.0
  3  2.0
%CPU     %MEM    
95.0  0.1
PSR %CPU
  3  0.5
  0  0.0
  2  0.0
  1 91.0
  0  1.0
  0  0.5
  3  1.0
%CPU     %MEM    
77.2  0.1
PSR %CPU
  3  0.2
  0  0.0
  2  0.0
  1 75.0
  0  0.5
  0  0.2
  3  0.5
%CPU     %MEM    
85.0  0.1
PSR %CPU
  2  1.8
  2  0.0
  2  0.0
  1 78.0
  0  0.4
  0  0.2
  3  0.4
  0  0.0
  2  0.0
  2  0.0
%CPU     %MEM    
90.6  0.1
PSR %CPU
  0  7.6
  2  0.0
  0  0.0
  1 65.0
  0  0.3
  0  0.1
  3  0.3
  0 35.0
  2 33.0
  1 28.0
%CPU     %MEM    
93.8  0.1
PSR %CPU
  1  8.2
  2  0.0
  1  0.0
  1 55.7
  0  0.4
  0  0.2
  3  2.1
  1  0.0
  3  0.0
  2  0.0
%CPU     %MEM    
97.0  0.1
PSR %CPU
  0  7.5
  2  0.0
  1  0.0
  1 60.3
  0  0.5
  0  0.3
  3  2.0
%CPU     %MEM    
99.0  0.1
PSR %CPU
  2  7.4
  0  0.0
  0  0.0
  1 56.1
  0  0.4
  0  0.3
  3  1.7
  2  0.0
  0  0.0
  0  0.0
%CPU     %MEM    
91.7  0.1
PSR %CPU
  2  6.0
  0  0.0
  0  0.0
  1 45.9
  0  0.3
  0  0.2
  3  1.4
  2 43.5
%CPU     %MEM    
91.2  0.1
PSR %CPU
  2  6.1
  0  0.0
  0  0.0
  1 42.0
  0  0.4
  0  0.3
  2  1.5
  3  0.0
  0  0.0
  1  0.0
%CPU     %MEM    
93.2  0.1
PSR %CPU
  2  5.7
  0  0.0
  0  0.0
  1 38.8
  1  0.4
  2  0.3
  0  1.3
  3  1.0
  1 19.0
  0 32.0
%CPU     %MEM    
95.0  0.1
PSR %CPU
  2  5.3
  0  0.0
  1  0.0
  1 36.0
  1  0.4
  2  0.3
  0  1.2
  3  0.5
  1 25.5
  0 59.0
%CPU     %MEM    
96.2  0.1
PSR %CPU
  2  5.1
  0  0.0
  1  0.0
  1 33.6
  1  0.4
  0  0.4
  3  1.2
  3  0.0
  3  0.0
  2  0.0
%CPU     %MEM    
91.8  0.1
PSR %CPU
  2  4.5
  0  0.0
  1  0.0
  1 34.0
  3  0.4
  0  0.3
  3  1.1
%CPU     %MEM    
93.2  0.1
PSR %CPU
  2  4.2
  0  0.0
  1  0.0
  1 38.6
  3  0.3
  0  0.3
  3  1.1
%CPU     %MEM    
94.5  0.1
PSR %CPU
  2  4.0
  0  0.0
  1  0.0
  1 42.7
  3  0.3
  0  0.3
  3  1.0
%CPU     %MEM    
95.7  0.1
PSR %CPU
  2  3.8
  0  0.0
  1  0.0
  1 46.5
  3  0.3
  0  0.3
  3  1.0
%CPU     %MEM    
96.6  0.1
PSR %CPU
  2  3.6
  0  0.0
  1  0.0
  1 49.9
  3  0.3
  0  0.2
  3  0.9
%CPU     %MEM    
97.6  0.1
PSR %CPU
  2  3.5
  0  0.0
  1  0.0
  1 52.9
  3  0.3
  0  0.2
  3  0.9
%CPU     %MEM    
94.4  0.1
PSR %CPU
  2  3.2
  0  0.0
  1  0.0
  1 53.4
  3  0.2
  0  0.2
  3  0.8
%CPU     %MEM    
95.1  0.1
PSR %CPU
  2  3.0
  0  0.0
  1  0.0
  1 55.0
  2  0.3
  0  0.2
  2  0.8
  3  0.0
  3  0.0
  0  0.0
%CPU     %MEM    
96.1  0.1
PSR %CPU
  0  3.0
  2  0.0
  1  0.0
  1 52.9
  2  0.3
  0  0.2
  2  0.7
  3  2.0
  2 74.0
  0 57.0
%CPU     %MEM    
96.9  0.1
PSR %CPU
  0  2.9
  2  0.0
  1  0.0
  1 51.0
  2  0.2
  0  0.2
  2  0.7
  3  1.0
  2 52.0
  0 73.0
%CPU     %MEM    
97.7  0.1
PSR %CPU
  0  2.8
  2  0.0
  1  0.0
  1 49.1
  1  0.2
  1  0.2
  2  0.7
  1  0.0
  3  0.0
  1  0.0
%CPU     %MEM    
98.3  0.1
PSR %CPU
  1  2.8
  2  0.0
  3  0.0
  1 48.2
  3  0.3
  0  0.2
  2  0.7
%CPU     %MEM    
95.8  0.1
PSR %CPU
  1  2.6
  2  0.0
  3  0.0
  1 48.8
  3  0.2
  0  0.2
  2  0.7
%CPU     %MEM    
96.5  0.1
PSR %CPU
  1  2.5
  2  0.0
  3  0.0
  1 51.0
  3  0.2
  0  0.2
  2  0.6
%CPU     %MEM    
97.1  0.1
PSR %CPU
  1  2.4
  2  0.0
  3  0.0
  1 53.0
  3  0.2
  0  0.2
  2  0.6
%CPU     %MEM    
97.7  0.1
PSR %CPU
  1  2.4
  2  0.0
  3  0.0
  1 54.9
  3  0.2
  0  0.2
  2  0.6
%CPU     %MEM    
98.3  0.1
PSR %CPU
  1  2.3
  2  0.0
  3  0.0
  1 56.7
  3  0.2
  0  0.2
  2  0.6
%CPU     %MEM    
98.8  0.1
PSR %CPU
  1  2.2
  2  0.0
  3  0.0
  1 58.3
  3  0.2
  0  0.2
  2  0.6
%CPU     %MEM    
96.7  0.1
PSR %CPU
  1  2.1
  2  0.0
  3  0.0
  1 58.4
  3  0.2
  0  0.2
  2  0.5
%CPU     %MEM    
97.2  0.1
PSR %CPU
  1  2.1
  2  0.0
  3  0.0
  1 59.9
  3  0.2
  0  0.2
  2  0.5
%CPU     %MEM    
97.7  0.1
PSR %CPU
  1  2.0
  2  0.0
  3  0.0
  1 61.3
  3  0.2
  0  0.2
  2  0.5
%CPU     %MEM    
98.2  0.1
PSR %CPU
  1  2.0
  2  0.0
  3  0.0
  1 62.7
  3  0.2
  0  0.1
  2  0.5
%CPU     %MEM    
98.7  0.1
PSR %CPU
  1  2.1
  2  0.0
  3  0.0
  1 62.0
  3  0.2
  0  0.1
  1  0.5
  2  0.0
  2  0.0
  1  0.0
%CPU     %MEM    
96.8  0.1
PSR %CPU
  1  2.0
  2  0.0
  3  0.0
  1 59.1
  3  0.2
  0  0.1
  1  0.5
  2  0.0
  2  2.5
  1 92.5
%CPU     %MEM    
97.3  0.2
PSR %CPU
  1  2.1
  2  0.0
  3  0.0
  1 57.8
  1  0.2
  0  0.1
  2  0.4
  2  0.0
  3  5.0
  0 56.0
%CPU     %MEM    
97.5  0.2
PSR %CPU
  0  2.2
  3  0.0
  3  0.0
  1 56.6
  2  0.2
  1  0.2
  2  0.5
  3  0.0
  2  0.0
  3  0.0
%CPU     %MEM    
97.9  0.2
PSR %CPU
  0  2.2
  2  0.0
  3  0.0
  1 55.4
  3  0.2
  1  0.2
  2  0.5
%CPU     %MEM    
98.0  0.2
PSR %CPU
  0  2.2
  2  0.0
  1  0.0
  3 54.2
  2  0.2
  3  0.2
  2  0.5
  1  0.0
  2  0.0
  3  0.0
%CPU     %MEM    
98.3  0.2
PSR %CPU
  0  2.1
  2  0.0
  1  0.0
  3 53.1
  2  0.2
  1  0.2
  3  0.5
  1  0.0
  2  0.0
  3  0.0
%CPU     %MEM    
96.7  0.2
PSR %CPU
  0  2.1
  3  0.0
  1  0.0
  3 53.0
  2  0.2
  1  0.2
  3  0.5
  1  0.0
  2  0.0
  3  0.0
%CPU     %MEM    
97.0  0.2
PSR %CPU
  0  2.0
  3  0.0
  1  0.0
  3 51.9
  2  0.2
  1  0.2
  3  0.5
  2  0.0
  3  0.0
  0  0.0
%CPU     %MEM    
97.3  0.2
PSR %CPU
  0  2.0
  1  0.0
  0  0.0
  3 52.4
  2  0.2
  0  0.2
  2  0.5
%CPU     %MEM    
97.4  0.2
PSR %CPU
  0  2.0
  1  0.0
  0  0.0
  3 52.5
  2  0.2
  0  0.2
  2  0.5
  2  0.0
  2  0.0
  1  0.0
%CPU     %MEM    
97.7  0.2
PSR %CPU
  0  2.0
  1  0.0
  0  0.0
  3 51.5
  2  0.2
  0  0.2
  2  0.5
  1  0.0
  2  0.0
  1  0.0
%CPU     %MEM    
98.0  0.2
PSR %CPU
  0  2.0
  1  0.0
  0  0.0
  3 50.8
  2  0.3
  1  0.3
  2  0.5
  1  0.0
  2  0.0
  3  0.0
%CPU     %MEM    
96.6  0.2
PSR %CPU
  0  1.9
  1  0.0
  0  0.0
  3 49.1
  2  0.2
  1  0.2
  2  0.5
  1  0.0
  2  0.0
  3 19.0
%CPU     %MEM    
96.9  0.2
PSR %CPU
  0  1.9
  1  0.0
  0  0.0
  3 48.2
  2  0.3
  1  0.3
  2  0.5
  0  0.0
  2  0.0
  3  0.0
%CPU     %MEM    
97.2  0.2
PSR %CPU
  0  1.8
  1  0.0
  0  0.0
  3 47.4
  2  0.3
  1  0.3
  2  0.5
  0  0.0
  2  0.0
  3  119
%CPU     %MEM    
97.5  0.2
PSR %CPU
  0  1.8
  1  0.0
  0  0.0
  3 46.7
  1  0.2
  1  0.3
  2  0.5
  1  0.0
  3  0.0
  0  0.0
%CPU     %MEM    
97.8  0.2
PSR %CPU
  0  1.8
  1  0.0
  0  0.0
  3 45.9
  0  0.3
  2  0.3
  2  0.5
  1  0.0
  2  0.0
  3  0.0
%CPU     %MEM    
96.5  0.2
PSR %CPU
  0  1.8
  1  0.0
  0  0.0
  3 44.5
  1  0.3
  2  0.3
  2  0.5
  2  0.0
  2  0.0
  1 88.0
%CPU     %MEM    
96.9  0.2
PSR %CPU
  0  1.7
  2  0.0
  0  0.0
  3 43.8
  1  0.3
  2  0.3
  2  0.5
  2  0.0
  2  0.0
  1  103
%CPU     %MEM    
97.1  0.2
PSR %CPU
  0  1.7
  2  0.0
  0  0.0
  3 43.1
  1  0.3
  2  0.3
  3  0.5
  1  0.0
  3  0.0
  3  0.0
%CPU     %MEM    
97.3  0.3
PSR %CPU
  0  1.7
  2  0.0
  2  0.0
  3 42.5
  1  0.3
  2  0.3
  0  0.5
  1  0.0
  2  0.0
  3 56.0
%CPU     %MEM    
97.6  0.3
PSR %CPU
  3  1.7
  2  0.0
  2  0.0
  3 41.9
  1  0.3
  2  0.3
  3  0.5
  0  0.0
  0  0.0
  1  0.0
%CPU     %MEM    
97.7  0.3
PSR %CPU
  3  1.7
  2  0.0
  2  0.0
  3 41.3
  1  0.3
  2  0.3
  2  0.5
  1  0.0
  2  0.0
  0  0.0
%CPU     %MEM    
96.7  0.3
PSR %CPU
  3  1.7
  2  0.0
  2  0.0
  3 40.1
  1  0.3
  2  0.3
  2  0.4
  1  0.0
  2  0.0
  0 73.0
%CPU     %MEM    
96.9  0.3
PSR %CPU
  3  1.7
  2  0.0
  2  0.0
  3 39.5
  1  0.3
  0  0.3
  2  0.5
  0  0.0
  0  0.0
  0 26.0
%CPU     %MEM    
97.1  0.3
PSR %CPU
  3  1.7
  2  0.0
  2  0.0
  3 39.0
  1  0.3
  1  0.3
  2  0.4
  0  0.0
  1  0.0
  1 78.0
%CPU     %MEM    
97.4  0.3
PSR %CPU
  3  1.7
  2  0.0
  2  0.0
  3 38.5
  0  0.3
  1  0.3
  2  0.5
  0  0.0
  0  0.0
  1  0.0
%CPU     %MEM    
97.6  0.3
PSR %CPU
  3  1.7
  2  0.0
  3  0.0
  3 38.0
  0  0.3
  1  0.3
  2  0.4
  0  0.0
  0  0.0
  2  0.0
%CPU     %MEM    
97.9  0.3
PSR %CPU
  3  1.7
  2  0.0
  3  0.0
  2 37.5
  0  0.3
  1  0.3
  2  0.5
  0  0.0
  1  0.0
  1  0.0
%CPU     %MEM    
96.8  0.3
PSR %CPU
  3  1.6
  2  0.0
  3  0.0
  2 36.5
  0  0.3
  3  0.3
  2  0.4
  0  0.0
  1  0.0
  3 35.0
%CPU     %MEM    
97.0  0.3
PSR %CPU
  3  1.6
  2  0.0
  3  0.0
  2 36.1
  0  0.3
  2  0.3
  2  0.5
  0  0.0
  1  0.0
  3  0.0
%CPU     %MEM    
97.3  0.3
PSR %CPU
  3  1.6
  2  0.0
  3  0.0
  2 35.6
  0  0.3
  2  0.3
  2  0.5
  0  6.0
  1  0.0
  3  115
%CPU     %MEM    
97.6  0.3
PSR %CPU
  3  1.6
  1  0.0
  3  0.0
  2 35.2
  0  0.3
  2  0.3
  2  0.4
  1  0.0
  0  0.0
  2  0.0
%CPU     %MEM    
97.8  0.3
PSR %CPU
  3  1.6
  1  0.0
  3  0.0
  2 34.7
  0  0.3
  2  0.3
  2  0.4
  1  123
  0  0.0
  2 56.0
%CPU     %MEM    
96.9  0.3
PSR %CPU
  3  1.5
  1  0.0
  3  0.0
  2 33.9
  0  0.3
  2  0.3
  2  0.4
  1 28.0
  2  0.0
  0 56.0
%CPU     %MEM    
97.1  0.3
PSR %CPU
  3  1.5
  1  0.0
  3  0.0
  2 33.5
  0  0.3
  2  0.3
  2  0.4
  1 73.5
  2  0.0
  0 28.0
%CPU     %MEM    
97.3  0.3
PSR %CPU
  3  1.5
  1  0.0
  3  0.0
  0 33.1
  0  0.3
  1  0.3
  2  0.4
  1  0.0
  0  0.0
  1 91.0
%CPU     %MEM    
97.5  0.3
PSR %CPU
  3  1.5
  1  0.0
  3  0.0
  0 32.7
  0  0.3
  1  0.3
  2  0.4
  0  0.0
  2  0.0
  2  0.0
%CPU     %MEM    
97.7  0.3
PSR %CPU
  3  1.5
  1  0.0
  3  0.0
  0 32.4
  0  0.3
  1  0.3
  2  0.4
%CPU     %MEM    
97.9  0.3
PSR %CPU
  3  1.5
  1  0.0
  2  0.0
  3 32.0
  3  0.3
  1  0.3
  2  0.4
  0  0.0
  1  0.0
  1  104
%CPU     %MEM    
97.0  0.4
PSR %CPU
  3  1.5
  1  0.0
  2  0.0
  3 31.3
  3  0.3
  0  0.3
  2  0.4
  0  6.0
  1  8.0
  2 39.0
%CPU     %MEM    
97.2  0.3
PSR %CPU
  2  1.6
  1  0.0
  2  0.0
  3 31.0
  3  0.3
  0  0.3
  0  0.4
  0  8.0
  1 13.0
  3 58.0
%CPU     %MEM    
97.4  0.3
PSR %CPU
  2  1.6
  1  0.0
  2  0.0
  3 30.6
  2  0.3
  1  0.3
  1  0.4
  2  0.0
  0  0.0
  1 96.0
%CPU     %MEM    
97.6  0.3
PSR %CPU
  2  1.6
  2  0.0
  2  0.0
  3 30.3
  1  0.3
  3  0.3
  2  0.4
  2  0.0
  3  0.0
  3  0.0
%CPU     %MEM    
97.7  0.3
PSR %CPU
  2  1.6
  1  0.0
  1  0.0
  3 30.0
  1  0.3
  2  0.3
  3  0.4
  0  0.0
  0  0.0
  0  0.0
%CPU     %MEM    
97.9  0.3
PSR %CPU
  2  1.6
  1  0.0
  1  0.0
  3 29.7
  1  0.3
  2  0.3
  3  0.4
  3  0.0
  0  0.0
  1 98.0
%CPU     %MEM    
97.1  0.3
PSR %CPU
  2  1.5
  1  0.0
  1  0.0
  3 29.1
  1  0.3
  2  0.3
  3  0.4
  3  0.0
  2  0.0
  0 55.0
%CPU     %MEM    
97.1  0.4
PSR %CPU
  2  1.5
  1  0.0
  1  0.0
  2 28.8
  0  0.3
  1  0.3
  2  0.4
  3  0.0
  0  0.0
  1 32.0
%CPU     %MEM    
97.3  0.4
PSR %CPU
  2  1.5
  1  0.0
  1  0.0
  2 28.5
  0  0.3
  2  0.3
  1  0.4
  2  0.0
  0  0.0
  3  0.0
%CPU     %MEM    
97.5  0.3
PSR %CPU
  2  1.5
  1  0.0
  1  0.0
  2 28.2
  0  0.3
  2  0.3
  1  0.4
  3  0.0
  0  0.0
  0  0.0
%CPU     %MEM    
97.6  0.4
PSR %CPU
  2  1.6
  1  0.0
  1  0.0
  2 27.9
  3  0.3
  0  0.3
  1  0.4
  3  0.0
  3  0.0
  0 96.0
%CPU     %MEM    
96.9  0.4
PSR %CPU
  2  1.6
  2  0.0
  1  0.0
  2 27.4
  3  0.3
  0  0.3
  1  0.4
  1  0.0
  1  0.0
  1 23.0
%CPU     %MEM    
97.0  0.4
PSR %CPU
  2  1.6
  2  0.0
  0  0.0
  2 27.1
  3  0.3
  0  0.3
  1  0.4
  3  0.0
  3  0.0
  3 58.0
%CPU     %MEM    
97.2  0.4
PSR %CPU
  2  1.6
  2  0.0
  0  0.0
  2 27.8
  3  0.3
  0  0.3
  1  0.4
%CPU     %MEM    
97.3  0.4
PSR %CPU
  0  1.6
  2  0.0
  0  0.0
  3 28.2
  3  0.3
  0  0.3
  1  0.4
  3  0.0
  0  0.0
  2  0.0
%CPU     %MEM    
97.5  0.4
PSR %CPU
  0  1.6
  2  0.0
  0  0.0
  3 27.9
  3  0.3
  0  0.3
  1  0.4
  3  0.0
  0  8.0
  2  157
%CPU     %MEM    
97.7  0.4
PSR %CPU
  0  1.6
  2  0.0
  0  0.0
  3 27.7
  3  0.3
  1  0.3
  1  0.4
  1  0.0
  2  0.0
  1  0.0
%CPU     %MEM    
97.0  0.4
PSR %CPU
  0  1.6
  2  0.0
  0  0.0
  3 27.9
  3  0.3
  2  0.3
  1  0.4
%CPU     %MEM    
97.1  0.4
PSR %CPU
  0  1.5
  2  0.0
  0  0.0
  3 28.5
  3  0.3
  2  0.3
  1  0.4
  1  0.0
  2  0.0
  2  0.0
%CPU     %MEM    
97.3  0.4
PSR %CPU
  0  1.5
  0  0.0
  0  0.0
  3 28.3
  3  0.3
  2  0.3
  1  0.4
  1  0.0
  3  0.0
  1  0.0
%CPU     %MEM    
97.4  0.4
PSR %CPU
  0  1.5
  0  0.0
  0  0.0
  3 28.0
  3  0.3
  2  0.3
  1  0.4
  2  0.0
  1  0.0
  2  0.0
%CPU     %MEM    
97.6  0.4
PSR %CPU
  0  1.5
  0  0.0
  0  0.0
  3 28.8
  3  0.3
  2  0.3
  1  0.4
%CPU     %MEM    
97.7  0.4
PSR %CPU
  0  1.5
  0  0.0
  0  0.0
  3 29.5
  3  0.3
  2  0.3
  1  0.4
%CPU     %MEM    
97.1  0.4
PSR %CPU
  0  1.5
  0  0.0
  0  0.0
  3 30.0
  3  0.3
  2  0.3
  1  0.4
%CPU     %MEM    
97.3  0.4
PSR %CPU
  0  1.5
  0  0.0
  0  0.0
  3 30.5
  3  0.3
  2  0.3
  1  0.4
  1  0.0
  2  0.0
  1  0.0
%CPU     %MEM    
97.5  0.4
PSR %CPU
  0  1.5
  0  0.0
  0  0.0
  3 30.3
  3  0.3
  2  0.3
  1  0.4
  1  0.0
  2  9.0
  1  135
%CPU     %MEM    
97.6  0.4
PSR %CPU
  0  1.5
  0  0.0
  0  0.0
  3 30.0
  3  0.3
  2  0.3
  1  0.4
  1  0.0
  2  0.0
  0  0.0
%CPU     %MEM    
97.7  0.5
PSR %CPU
  0  1.5
  2  0.0
  2  0.0
  2 29.8
  3  0.3
  2  0.3
  1  0.4
  2  0.0
  2  0.0
  2  0.0
%CPU     %MEM    
97.1  0.4
PSR %CPU
  0  1.4
  2  0.0
  2  0.0
  2 29.3
  3  0.3
  2  0.3
  1  0.4
  3  0.0
  2  0.0
  3  4.0
%CPU     %MEM    
97.2  0.4
PSR %CPU
  0  1.4
  2  0.0
  2  0.0
  2 29.1
  3  0.3
  2  0.3
  1  0.4
  1  0.0
  1  1.0
  2 53.0
%CPU     %MEM    
97.3  0.5
PSR %CPU
  0  1.4
  2  0.0
  2  0.0
  2 28.8
  0  0.3
  1  0.3
  3  0.4
  1  0.0
  2  4.0
  2 91.0
%CPU     %MEM    
97.5  0.4
PSR %CPU
  0  1.4
  2  0.0
  2  0.0
  2 28.6
  3  0.3
  1  0.3
  3  0.4
  3  0.0
  3  0.0
  2  0.0
%CPU     %MEM    
97.6  0.4
PSR %CPU
  0  1.4
  2  0.0
  2  0.0
  2 28.5
  1  0.3
  2  0.3
  3  0.4
%CPU     %MEM    
97.7  0.4
PSR %CPU
  0  1.4
  2  0.0
  2  0.0
  2 29.1
  1  0.3
  2  0.3
  3  0.4
%CPU     %MEM    
97.1  0.5
PSR %CPU
  0  1.4
  2  0.0
  2  0.0
  2 28.8
  1  0.3
  2  0.3
  3  0.4
  1  0.0
  2  0.0
  3  104
%CPU     %MEM    
97.3  0.5
PSR %CPU
  0  1.4
  0  0.0
  2  0.0
  2 28.5
  1  0.3
  2  0.3
  3  0.4
  2  0.0
  0  0.0
  2 32.0
%CPU     %MEM    
97.4  0.5
PSR %CPU
  0  1.4
  0  0.0
  0  0.0
  2 29.0
  1  0.3
  3  0.3
  1  0.4
%CPU     %MEM    
97.6  0.5
PSR %CPU
  0  1.4
  0  0.0
  0  0.0
  2 29.7
  1  0.3
  3  0.3
  1  0.4
%CPU     %MEM    
97.7  0.5
PSR %CPU
  0  1.4
  0  0.0
  0  0.0
  2 30.3
  1  0.3
  3  0.3
  1  0.4
%CPU     %MEM    
97.8  0.5
PSR %CPU
  0  1.4
  0  0.0
  0  0.0
  2 30.9
  1  0.3
  3  0.3
  1  0.4
%CPU     %MEM    
97.3  0.5
PSR %CPU
  0  1.3
  0  0.0
  0  0.0
  2 31.2
  1  0.3
  3  0.3
  3  0.4
  1  0.0
  2  0.0
  3  0.0
%CPU     %MEM    
97.4  0.5
PSR %CPU
  0  1.3
  0  0.0
  0  0.0
  2 31.0
  1  0.3
  3  0.3
  3  0.4
  1  0.0
  2  0.0
  3  128
%CPU     %MEM    
97.5  0.5
PSR %CPU
  0  1.3
  1  0.0
  1  0.0
  2 30.8
  2  0.3
  3  0.3
  2  0.4
  2  0.0
  3  0.0
  2  0.0
%CPU     %MEM    
97.6  0.5
PSR %CPU
  0  1.3
  1  0.0
  1  0.0
  2 30.9
  2  0.3
  3  0.3
  1  0.4
%CPU     %MEM    
97.8  0.5
PSR %CPU
  0  1.3
  1  0.0
  1  0.0
  2 31.5
  2  0.3
  3  0.3
  1  0.4
%CPU     %MEM    
97.2  0.5
PSR %CPU
  0  1.3
  1  0.0
  1  0.0
  2 31.9
  2  0.3
  3  0.3
  1  0.4
%CPU     %MEM    
97.4  0.5
PSR %CPU
  0  1.3
  1  0.0
  1  0.0
  2 32.5
  2  0.3
  3  0.3
  1  0.4
%CPU     %MEM    
97.5  0.5
PSR %CPU
  0  1.3
  1  0.0
  1  0.0
  2 33.1
  2  0.3
  3  0.3
  1  0.4
%CPU     %MEM    
97.6  0.5
PSR %CPU
  0  1.3
  1  0.0
  1  0.0
  2 33.7
  2  0.3
  3  0.3
  1  0.4
%CPU     %MEM    
97.8  0.5
PSR %CPU
  0  1.3
  1  0.0
  1  0.0
  2 34.2
  2  0.3
  3  0.3
  1  0.4
%CPU     %MEM    
97.9  0.5
PSR %CPU
  0  1.2
  1  0.0
  1  0.0
  2 34.8
  2  0.3
  3  0.3
  1  0.4
%CPU     %MEM    
97.4  0.5
PSR %CPU
  0  1.2
  1  0.0
  1  0.0
  2 34.4
  2  0.3
  3  0.3
  1  0.4
  1  0.0
  2  0.0
  3  104
%CPU     %MEM    
97.5  0.5
PSR %CPU
  0  1.2
  1  0.0
  1  0.0
  2 34.2
  2  0.3
  3  0.3
  1  0.4
  1  0.0
  2  0.0
  1  0.0
%CPU     %MEM    
97.6  0.5
PSR %CPU
  2  1.2
  2  0.0
  2  0.0
  2 34.0
  2  0.3
  0  0.3
  1  0.4
  3  0.0
  1  0.0
  1 74.0
%CPU     %MEM    
97.7  0.4
PSR %CPU
  2  1.2
  2  0.0
  2  0.0
  2 33.7
  2  0.3
  1  0.3
  1  0.4
  1  0.0
  1  0.0
  3  0.0
%CPU     %MEM    
97.6  0.4
PSR %CPU
  1  1.2
  1  0.0
  1  0.0
  2 33.5
  2  0.3
  1  0.3
  1  0.4
  3  0.0
  2  0.0
  3  0.0
%CPU     %MEM    
97.7  0.5
PSR %CPU
  3  1.3
  1  0.0
  1  0.0
  2 33.3
  0  0.3
  2  0.3
  2  0.4
  3  0.0
  2  0.0
  1  0.0
%CPU     %MEM    
97.2  0.5
PSR %CPU
  3  1.3
  1  0.0
  1  0.0
  2 32.9
  0  0.3
  2  0.3
  0  0.4
  0  0.0
  1  0.0
  2  0.0
%CPU     %MEM    
97.3  0.5
PSR %CPU
  1  1.3
  1  0.0
  1  0.0
  2 32.7
  0  0.3
  2  0.3
  3  0.4
  0  0.0
  1  1.0
  1 56.0
%CPU     %MEM    
97.4  0.5
PSR %CPU
  1  1.3
  1  0.0
  1  0.0
  2 32.5
  2  0.3
  2  0.3
  0  0.4
  2  0.0
  0  0.0
  2  0.0
%CPU     %MEM    
97.4  0.6
PSR %CPU
  1  1.3
  1  0.0
  1  0.0
  2 32.3
  2  0.3
  2  0.3
  0  0.4
  2  0.0
  2  0.0
  3  0.0
%CPU     %MEM    
97.5  0.6
PSR %CPU
  0  1.3
  1  0.0
  1  0.0
  2 32.1
  1  0.3
  2  0.3
  0  0.4
  1  0.0
  2  0.0
  3  0.0
%CPU     %MEM    
96.9  0.5
PSR %CPU
  2  1.3
  1  0.0
  1  0.0
  2 31.7
  1  0.3
  1  0.3
  0  0.4
  3  0.0
  0  0.0
  1  0.0
%CPU     %MEM    
97.0  0.6
PSR %CPU
  2  1.3
  1  0.0
  1  0.0
  2 31.5
  1  0.4
  3  0.3
  2  0.4
  3  0.0
  0  0.0
  2 34.0
%CPU     %MEM    
97.1  0.5
PSR %CPU
  2  1.3
  1  0.0
  1  0.0
  2 31.3
  2  0.4
  3  0.3
  1  0.4
  3  0.0
  3  0.0
  3  0.0
%CPU     %MEM    
97.2  0.6
PSR %CPU
  2  1.3
  1  0.0
  1  0.0
  2 31.1
  2  0.4
  3  0.3
  1  0.4
  2  0.0
  1  0.0
  0 92.0
%CPU     %MEM    
97.3  0.5
PSR %CPU
  2  1.3
  1  0.0
  2  0.0
  2 30.9
  0  0.4
  3  0.3
  1  0.4
  1  0.0
  3  0.0
  1  0.0
%CPU     %MEM    
96.9  0.5
PSR %CPU
  2  1.5
  1  0.0
  2  0.0
  2 30.6
  0  0.4
  3  0.3
  1  0.4
  0  0.0
  3  0.0
  0 41.0
%CPU     %MEM    
97.0  0.6
PSR %CPU
  2  1.5
  1  0.0
  2  0.0
  2 30.4
  0  0.4
  3  0.3
  1  0.4
  2  0.0
  1  0.0
  3 87.0
%CPU     %MEM    
97.1  0.6
PSR %CPU
  2  1.4
  1  0.0
  2  0.0
  2 30.2
  0  0.4
  3  0.3
  1  0.4
  0  0.0
  2  0.0
  1  0.0
%CPU     %MEM    
97.2  0.6
PSR %CPU
  2  1.4
  1  0.0
  2  0.0
  2 30.0
  0  0.4
  3  0.3
  1  0.4
  3  0.0
  2  0.0
  0 65.0
%CPU     %MEM    
97.3  0.6
PSR %CPU
  2  1.4
  1  0.0
  2  0.0
  2 29.9
  2  0.4
  3  0.3
  1  0.4
  3  2.0
  0  0.0
  1  100
%CPU     %MEM    
97.4  0.5
PSR %CPU
  2  1.4
  1  0.0
  2  0.0
  2 29.7
  2  0.4
  3  0.4
  1  0.4
  3  0.0
  0  0.0
  0  0.0
%CPU     %MEM    
96.9  0.6
PSR %CPU
  2  1.4
  1  0.0
  3  0.0
  2 29.4
  1  0.4
  3  0.4
  1  0.4
  3  0.0
  0  0.0
  3  0.0
%CPU     %MEM    
97.0  0.6
PSR %CPU
  2  1.4
  1  0.0
  3  0.0
  2 29.2
  1  0.4
  3  0.3
  1  0.4
  3  0.0
  0  0.0
  3  125
%CPU     %MEM    
97.1  0.6
PSR %CPU
  2  1.4
  1  0.0
  3  0.0
  2 29.0
  1  0.4
  3  0.4
  2  0.4
  3  0.0
  1  0.0
  0  0.0
%CPU     %MEM    
97.2  0.6
PSR %CPU
  2  1.4
  1  0.0
  3  0.0
  2 28.9
  1  0.4
  3  0.4
  2  0.4
  3  0.0
  1  0.0
  0  0.0
%CPU     %MEM    
97.3  0.6
PSR %CPU
  2  1.4
  1  0.0
  3  0.0
  2 28.7
  1  0.4
  3  0.4
  2  0.4
  3  0.0
  1  0.0
  0  0.0
%CPU     %MEM    
97.4  0.6
PSR %CPU
  2  1.4
  1  0.0
  3  0.0
  2 28.6
  0  0.4
  3  0.4
  1  0.4
  1  0.0
  0  0.0
  3  0.0
%CPU     %MEM    
97.0  0.6
PSR %CPU
  2  1.4
  1  0.0
  3  0.0
  2 28.2
  0  0.4
  3  0.4
  1  0.4
  1  2.0
  0  0.5
  3 63.0
%CPU     %MEM    
97.1  0.6
PSR %CPU
  2  1.4
  1  0.0
  3  0.0
  2 28.1
  0  0.4
  3  0.4
  1  0.4
  2  1.0
  0  0.0
  1 70.0
%CPU     %MEM    
97.1  0.7
PSR %CPU
  2  1.4
  2  0.0
  3  0.0
  2 27.9
  0  0.4
  3  0.4
  1  0.4
  2  0.0
  2  0.0
  0  0.0
%CPU     %MEM    
97.2  0.7
PSR %CPU
  2  1.4
  2  0.0
  3  0.0
  2 27.8
  0  0.4
  3  0.4
  1  0.4
  2  3.0
  2  2.0
  0  140
%CPU     %MEM    
97.3  0.6
PSR %CPU
  2  1.4
  2  0.0
  3  0.0
  2 27.6
  0  0.4
  3  0.4
  1  0.4
  3  0.0
  0  0.0
  3  0.0
%CPU     %MEM    
96.9  0.7
PSR %CPU
  2  1.4
  2  0.0
  3  0.0
  2 27.4
  0  0.4
  2  0.4
  1  0.4
  0  0.0
  1  1.0
  3 49.0
%CPU     %MEM    
97.0  0.6
PSR %CPU
  2  1.4
  2  0.0
  3  0.0
  2 27.2
  0  0.4
  2  0.4
  1  0.4
  3  0.0
  3  0.0
  2 21.0
%CPU     %MEM    
97.1  0.7
PSR %CPU
  3  1.4
  2  0.0
  3  0.0
  2 27.1
  3  0.5
  2  0.4
  1  0.4
  1  0.0
  2  0.0
  0  0.0
%CPU     %MEM    
97.2  0.7
PSR %CPU
  3  1.4
  2  0.0
  3  0.0
  2 26.9
  3  0.5
  2  0.4
  1  0.4
  1  0.0
  2  0.0
  0  136
%CPU     %MEM    
97.3  0.7
PSR %CPU
  3  1.4
  3  0.0
  1  0.0
  2 26.8
  1  0.5
  1  0.4
  3  0.4
  0  0.0
  1  0.0
  0  0.0
%CPU     %MEM    
97.3  0.6
PSR %CPU
  3  1.4
  3  0.0
  1  0.0
  2 26.7
  1  0.5
  3  0.4
  2  0.4
  0  0.0
  3  0.0
  1  0.0
%CPU     %MEM    
97.0  0.6
PSR %CPU
  3  1.4
  3  0.0
  1  0.0
  2 26.4
  1  0.5
  3  0.4
  2  0.4
  0  0.0
  3  0.0
  1 77.0
%CPU     %MEM    
97.0  0.6
PSR %CPU
  2  1.4
  3  0.0
  1  0.0
  2 26.2
  1  0.5
  3  0.4
  2  0.4
  0  0.0
  1  0.0
  2 63.0
%CPU     %MEM    
97.1  0.7
PSR %CPU
  2  1.4
  3  0.0
  1  0.0
  2 26.1
  1  0.5
  3  0.4
  0  0.4
  0  0.0
  0  0.0
  1  0.0
%CPU     %MEM    
97.2  0.7
PSR %CPU
  2  1.4
  3  0.0
  1  0.0
  2 26.0
  1  0.5
  2  0.4
  0  0.4
  3  0.0
  0  0.0
  0  0.0
%CPU     %MEM    
97.3  0.7
PSR %CPU
  2  1.4
  3  0.0
  1  0.0
  3 25.9
  1  0.5
  3  0.4
  0  0.4
  3  0.0
  0  0.0
  3  0.0
%CPU     %MEM    
97.4  0.7
PSR %CPU
  2  1.4
  3  0.0
  1  0.0
  3 25.6
  1  0.5
  2  0.4
  0  0.4
  3  0.0
  0  0.0
  0 48.0
%CPU     %MEM    
97.0  0.7
PSR %CPU
  3  1.5
  3  0.0
  1  0.0
  3 25.5
  1  0.5
  0  0.4
  2  0.4
  0  0.0
  0  0.0
  1  0.0
%CPU     %MEM    
97.0  0.7
PSR %CPU
  3  1.5
  3  0.0
  1  0.0
  3 25.4
  1  0.5
  0  0.4
  2  0.4
  1  0.0
  2  0.0
  0  0.0
%CPU     %MEM    
97.1  0.8
PSR %CPU
  0  1.5
  3  0.0
  1  0.0
  3 25.2
  0  0.5
  3  0.4
  2  0.4
  1  0.0
  0  0.0
  1 69.0
%CPU     %MEM    
97.2  0.7
PSR %CPU
  0  1.5
  3  0.0
  1  0.0
  3 25.1
  3  0.5
  1  0.4
  2  0.4
  2  0.0
  2  0.0
  3  0.0
%CPU     %MEM    
97.3  0.8
PSR %CPU
  0  1.5
  3  0.0
  1  0.0
  3 25.0
  0  0.5
  1  0.4
  2  0.4
  1  0.0
  3  0.0
  1  0.0
%CPU     %MEM    
96.9  0.8
PSR %CPU
  0  1.4
  3  0.0
  1  0.0
  3 24.8
  0  0.5
  1  0.4
  2  0.4
  1  0.0
  3  0.0
  1 88.0
%CPU     %MEM    
97.0  0.7
PSR %CPU
  0  1.4
  3  0.0
  1  0.0
  3 24.6
  1  0.5
  3  0.4
  2  0.4
  2  0.0
  2  0.0
  3 41.0
%CPU     %MEM    
97.0  0.8
PSR %CPU
  0  1.5
  3  0.0
  1  0.0
  3 24.5
  1  0.5
  1  0.4
  2  0.4
  1  0.0
  3  0.0
  3 75.0
%CPU     %MEM    
97.1  0.7
PSR %CPU
  0  1.4
  3  0.0
  1  0.0
  3 24.4
  1  0.5
  2  0.4
  2  0.4
  0  0.0
  2  0.0
  3  0.0
%CPU     %MEM    
97.2  0.7
PSR %CPU
  0  1.4
  3  0.0
  1  0.0
  3 24.3
  1  0.5
  2  0.4
  2  0.4
  1  0.0
  2  0.0
  1  0.0
%CPU     %MEM    
97.3  0.8
PSR %CPU
  0  1.4
  3  0.0
  1  0.0
  3 24.2
  0  0.5
  1  0.4
  2  0.4
  0  0.0
  2  0.0
  3 96.0
%CPU     %MEM    
96.9  0.8
PSR %CPU
  0  1.4
  3  0.0
  1  0.0
  3 24.0
  2  0.5
  1  0.4
  2  0.4
%CPU     %MEM    
97.0  0.8
PSR %CPU
  3  1.4
  3  0.0
  1  0.0
  3 23.8
  2  0.5
  2  0.4
  0  0.4
  1  0.0
  2  0.0
  3 43.0
%CPU     %MEM    
97.0  0.8
PSR %CPU
  3  1.4
  3  0.0
  1  0.0
  3 23.7
  0  0.5
  2  0.4
  0  0.4
  0  0.0
  1  0.0
  1  0.0
%CPU     %MEM    
97.1  0.8
PSR %CPU
  0  1.5
  3  0.0
  1  0.0
  0 23.6
  1  0.5
  0  0.4
  3  0.5
  0  0.0
  2  0.0
  2  0.0
%CPU     %MEM    
97.2  0.8
PSR %CPU
  0  1.4
  3  0.0
  1  0.0
  0 23.5
  1  0.5
  0  0.4
  3  0.4
  0  0.0
  2  0.0
  2  123
%CPU     %MEM    
97.2  0.7
PSR %CPU
  0  1.4
  3  0.0
  1  0.0
  0 23.4
  1  0.5
  0  0.4
  3  0.4
  0  0.0
  3  0.0
  2  0.0
%CPU     %MEM    
96.9  0.9
PSR %CPU
  2  1.4
  3  0.0
  1  0.0
  0 23.2
  1  0.5
  2  0.4
  3  0.4
  3  4.0
  0  0.0
  1 57.0
%CPU     %MEM    
97.0  0.8
PSR %CPU
  2  1.4
  3  0.0
  1  0.0
  0 23.1
  2  0.5
  1  0.4
  3  0.4
  2  0.0
  2  0.0
  0  0.0
%CPU     %MEM    
97.0  0.8
PSR %CPU
  0  1.5
  3  0.0
  2  0.0
  0 23.0
  2  0.5
  1  0.5
  2  0.5
  2  0.0
  2  0.0
  3  0.0
%CPU     %MEM    
97.1  0.8
PSR %CPU
  0  1.4
  2  0.0
  2  0.0
  0 22.9
  2  0.5
  1  0.4
  2  0.5
  2  0.0
  2  0.0
  3  122
%CPU     %MEM    
97.2  0.8
PSR %CPU
  1  1.5
  2  0.0
  2  0.0
  0 22.8
  3  0.5
  1  0.5
  2  0.5
  2  0.0
  3  0.0
  0  0.0
%CPU     %MEM    
96.9  0.8
PSR %CPU
  0  1.4
  2  0.0
  2  0.0
  0 22.6
  3  0.5
  1  0.4
  0  0.5
  1  0.0
  2  0.0
  3 92.0
%CPU     %MEM    
96.9  0.8
PSR %CPU
  0  1.4
  2  0.0
  2  0.0
  0 22.5
  3  0.5
  1  0.4
  2  0.5
  1  0.0
  2  0.0
  2  0.0
%CPU     %MEM    
97.0  0.9
PSR %CPU
  1  1.5
  2  0.0
  2  0.0
  0 22.4
  3  0.5
  1  0.5
  2  0.5
  1  5.0
  2  0.0
  0 77.0
%CPU     %MEM    
97.1  0.8
PSR %CPU
  1  1.4
  2  0.0
  2  0.0
  0 22.3
  3  0.5
  2  0.4
  2  0.5
  2  0.0
  3  0.0
  0  0.0
%CPU     %MEM    
97.2  0.8
PSR %CPU
  1  1.4
  2  0.0
  2  0.0
  0 22.2
  3  0.5
  2  0.5
  2  0.5
  2  0.0
  3  0.0
  0  0.0
%CPU     %MEM    
97.2  0.8
PSR %CPU
  1  1.5
  1  0.0
  2  0.0
  3  0.5
  2  0.5
  0  0.5
  2  0.0
  3  0.0
  1  0.0