%CPU     %MEM    
100.0    0.1     
69.0  0.1
PSR %CPU
  1  2.0
  1  0.0
  3  0.0
  1 61.0
  0  1.0
  3  2.0
  0  1.0
%CPU     %MEM    
100.0    0.1     
93.5  0.1
PSR %CPU
  1  1.0
  1  0.0
  3  0.0
  1 89.5
  0  0.5
  3  1.0
  0  0.5
%CPU     %MEM    
100.0    0.1     
 101  0.1
PSR %CPU
  1  0.6
  1  0.0
  3  0.0
  1 98.6
  0  0.3
  3  0.6
  0  0.3
%CPU     %MEM    
100.0    0.1     
84.0  0.1
PSR %CPU
  0  4.6
  1  0.0
  2  0.0
  1 61.2
  0  0.4
  3  0.4
  3  0.4
  2 34.0
  1 15.0
  3 32.0
%CPU     %MEM    
80.0     0.1     
89.0  0.1
PSR %CPU
  0 10.3
  1  0.0
  2  0.0
  1 51.0
  0  0.3
  1  0.5
  3  0.3
  1  0.0
  2  0.0
  3  0.0
%CPU     %MEM    
100.0    0.1     
93.0  0.1
PSR %CPU
  0  9.5
  1  0.0
  2  0.0
  1 53.0
  2  0.4
  1  0.5
  3  0.5
%CPU     %MEM    
100.0    0.1     
95.8  0.1
PSR %CPU
  0  9.1
  1  0.0
  2  0.0
  1 53.5
  2  0.5
  0  0.5
  3  0.5
  1  0.0
  1  0.0
  3  0.0
%CPU     %MEM    
106.7    0.1     
98.4  0.1
PSR %CPU
  0  8.1
  2  0.0
  2  0.0
  1 47.5
  2  0.4
  0  0.4
  3  0.4
  2  9.0
  1 78.0
  3 81.0
%CPU     %MEM    
100.0    0.2     
99.7  0.1
PSR %CPU
  0  8.1
  2  0.0
  0  0.0
  1 42.8
  2  0.4
  3  0.5
  3  0.4
  1  0.0
  2  0.0
  3  0.0
%CPU     %MEM    
100.0    0.2     
92.5  0.1
PSR %CPU
  0  6.8
  2  0.0
  0  0.0
  1 35.7
  2  0.4
  3  0.5
  3  0.4
  2  1.0
  3 14.0
  1 45.0
%CPU     %MEM    
106.7    0.2     
94.6  0.1
PSR %CPU
  0  6.3
  2  0.0
  0  0.0
  1 33.0
  2  0.4
  3  0.4
  3  0.3
%CPU     %MEM    
100.0    0.2     
95.7  0.1
PSR %CPU
  2  5.8
  2  0.0
  0  0.0
  1 30.6
  2  0.4
  1  0.4
  3  0.4
  3  0.0
  2  0.0
  0  0.0
%CPU     %MEM    
100.0    0.2     
97.2  0.1
PSR %CPU
  3  5.4
  2  0.0
  0  0.0
  1 35.0
  2  0.4
  3  0.5
  3  0.4
%CPU     %MEM    
100.0    0.2     
98.5  0.1
PSR %CPU
  3  5.1
  2  0.0
  0  0.0
  1 40.1
  2  0.4
  3  0.5
  3  0.4
%CPU     %MEM    
100.0    0.2     
99.7  0.1
PSR %CPU
  3  4.5
  2  0.0
  0  0.0
  1 42.2
  2  0.3
  3  0.4
  3  0.3
%CPU     %MEM    
100.0    0.2     
95.4  0.1
PSR %CPU
  3  4.3
  2  0.0
  0  0.0
  1 46.2
  2  0.3
  3  0.4
  3  0.3
%CPU     %MEM    
100.0    0.2     
96.5  0.1
PSR %CPU
  3  4.1
  2  0.0
  0  0.0
  1 49.8
  2  0.3
  3  0.4
  3  0.3
%CPU     %MEM    
100.0    0.2     
97.5  0.1
PSR %CPU
  3  3.9
  2  0.0
  0  0.0
  1 53.0
  2  0.3
  3  0.3
  3  0.3
%CPU     %MEM    
106.7    0.2     
98.5  0.1
PSR %CPU
  3  3.7
  2  0.0
  0  0.0
  1 56.0
  2  0.3
  3  0.3
  3  0.3
%CPU     %MEM    
100.0    0.2     
99.3  0.1
PSR %CPU
  3  3.5
  2  0.0
  0  0.0
  1 58.7
  2  0.3
  3  0.3
  3  0.3
%CPU     %MEM    
93.3     0.2     
96.0  0.1
PSR %CPU
  0  3.4
  2  0.0
  0  0.0
  1 54.4
  0  0.2
  0  0.3
  2  0.2
  0  2.0
  0 19.0
  3 81.0
%CPU     %MEM    
100.0    0.2     
96.9  0.1
PSR %CPU
  0  3.2
  2  0.0
  0  0.0
  1 52.3
  0  0.2
  0  0.3
  2  0.2
  0  1.0
  0 46.5
  3 62.5
%CPU     %MEM    
106.7    0.2     
97.5  0.1
PSR %CPU
  0  3.1
  2  0.0
  0  0.0
  1 50.4
  2  0.2
  0  0.2
  2  0.2
  2  0.0
  0 16.0
  1 28.0
%CPU     %MEM    
87.5     0.2     
98.2  0.1
PSR %CPU
  0  3.1
  1  0.0
  1  0.0
  1 48.8
  2  0.2
  2  0.3
  2  0.2
%CPU     %MEM    
100.0    0.2     
98.9  0.1
PSR %CPU
  0  3.0
  1  0.0
  1  0.0
  1 51.2
  2  0.2
  2  0.3
  2  0.2
%CPU     %MEM    
100.0    0.2     
99.6  0.1
PSR %CPU
  0  2.9
  1  0.0
  1  0.0
  1 53.4
  2  0.2
  2  0.3
  2  0.2
%CPU     %MEM    
100.0    0.2     
97.0  0.1
PSR %CPU
  0  2.7
  1  0.0
  1  0.0
  1 53.8
  2  0.2
  2  0.2
  2  0.2
%CPU     %MEM    
93.3     0.2     
97.6  0.1
PSR %CPU
  0  2.6
  1  0.0
  3  0.0
  1 55.7
  2  0.2
  2  0.2
  2  0.2
%CPU     %MEM    
100.0    0.2     
98.2  0.1
PSR %CPU
  0  2.5
  1  0.0
  3  0.0
  1 57.5
  2  0.2
  2  0.2
  2  0.2
%CPU     %MEM    
100.0    0.2     
98.8  0.1
PSR %CPU
  0  2.5
  1  0.0
  3  0.0
  1 59.2
  2  0.2
  2  0.2
  2  0.2
%CPU     %MEM    
100.0    0.2     
99.3  0.1
PSR %CPU
  0  2.4
  1  0.0
  3  0.0
  1 60.8
  2  0.2
  2  0.2
  2  0.2
%CPU     %MEM    
100.0    0.2     
97.2  0.1
PSR %CPU
  0  2.3
  1  0.0
  3  0.0
  1 60.7
  2  0.2
  2  0.2
  2  0.2
%CPU     %MEM    
100.0    0.2     
97.7  0.1
PSR %CPU
  0  2.2
  1  0.0
  3  0.0
  1 62.2
  2  0.2
  2  0.2
  2  0.2
%CPU     %MEM    
93.8     0.2     
98.2  0.1
PSR %CPU
  0  2.2
  1  0.0
  3  0.0
  1 63.6
  2  0.2
  2  0.2
  2  0.2
%CPU     %MEM    
100.0    0.2     
98.6  0.1
PSR %CPU
  0  2.3
  1  0.0
  3  0.0
  1 63.6
  2  0.1
  1  0.2
  2  0.1
  1  0.0
  2  0.0
  3  0.0
%CPU     %MEM    
100.0    0.2     
99.1  0.1
PSR %CPU
  0  2.3
  1  0.0
  3  0.0
  1 62.1
  2  0.1
  1  0.2
  2  0.1
  1  0.0
  2  5.0
  3  154
%CPU     %MEM    
100.0    0.2     
99.5  0.1
PSR %CPU
  0  2.3
  1  0.0
  3  0.0
  1 60.6
  1  0.2
  1  0.2
  2  0.2
  1  0.0
  2  0.0
  3  0.0
%CPU     %MEM    
80.0     0.2     
97.5  0.2
PSR %CPU
  0  2.5
  1  0.0
  3  0.0
  1 57.9
  1  0.2
  2  0.2
  2  0.2
  2  0.0
  3  0.0
  2 13.0
%CPU     %MEM    
93.8     0.2     
97.9  0.2
PSR %CPU
  0  2.4
  1  0.0
  3  0.0
  1 56.7
  1  0.2
  2  0.2
  2  0.2
  3  0.0
  2  0.0
  3  0.0
%CPU     %MEM    
106.7    0.2     
98.2  0.2
PSR %CPU
  0  2.4
  1  0.0
  3  0.0
  1 56.4
  0  0.2
  0  0.2
  0  0.2
  2  0.0
  3  0.0
  3  0.0
%CPU     %MEM    
100.0    0.2     
98.6  0.2
PSR %CPU
  3  2.4
  1  0.0
  2  0.0
  1 55.2
  1  0.2
  0  0.2
  1  0.2
  1  0.0
  2  0.0
  3  0.0
%CPU     %MEM    
106.7    0.2     
99.0  0.2
PSR %CPU
  3  2.3
  1  0.0
  2  0.0
  1 56.4
  0  0.2
  1  0.3
  0  0.2
%CPU     %MEM    
100.0    0.2     
99.3  0.2
PSR %CPU
  3  2.3
  1  0.0
  2  0.0
  1 55.7
  0  0.2
  1  0.3
  3  0.2
  0  0.0
  1  0.0
  2  0.0
%CPU     %MEM    
106.7    0.2     
97.5  0.2
PSR %CPU
  3  2.2
  1  0.0
  2  0.0
  0 54.6
  0  0.2
  2  0.3
  1  0.2
%CPU     %MEM    
100.0    0.2     
97.9  0.2
PSR %CPU
  3  2.2
  1  0.0
  2  0.0
  0 55.2
  3  0.2
  2  0.3
  1  0.2
  0  0.0
  1  0.0
  1  0.0
%CPU     %MEM    
100.0    0.2     
98.2  0.2
PSR %CPU
  3  2.2
  1  0.0
  2  0.0
  0 54.2
  1  0.2
  2  0.3
  3  0.2
  0  0.0
  1  0.0
  0  0.0
%CPU     %MEM    
94.1     0.2     
98.5  0.2
PSR %CPU
  3  2.1
  1  0.0
  2  0.0
  0 53.9
  0  0.3
  2  0.3
  0  0.2
  0  0.0
  1  0.0
  0  0.0
%CPU     %MEM    
106.7    0.2     
98.8  0.2
PSR %CPU
  3  2.1
  1  0.0
  2  0.0
  0 52.9
  2  0.3
  2  0.3
  0  0.2
%CPU     %MEM    
100.0    0.3     
97.4  0.2
PSR %CPU
  3  2.0
  1  0.0
  2  0.0
  0 51.1
  2  0.3
  0  0.3
  0  0.2
  0  0.0
  2  0.0
  1 55.0
%CPU     %MEM    
106.7    0.3     
97.7  0.2
PSR %CPU
  3  2.0
  1  0.0
  2  0.0
  0 50.2
  3  0.3
  3  0.3
  2  0.3
  0  0.0
  1  0.0
  2  110
%CPU     %MEM    
100.0    0.3     
98.0  0.2
PSR %CPU
  3  2.0
  1  0.0
  2  0.0
  0 49.4
  3  0.3
  2  0.3
  2  0.3
  0  0.0
  1  0.0
  1  0.0
%CPU     %MEM    
100.0    0.3     
98.2  0.2
PSR %CPU
  3  2.0
  1  0.0
  2  0.0
  0 48.6
  3  0.3
  2  0.3
  2  0.2
  0  0.0
  0  0.0
  0 69.0
%CPU     %MEM    
100.0    0.3     
98.5  0.2
PSR %CPU
  3  1.9
  1  0.0
  2  0.0
  0 47.8
  1  0.3
  2  0.3
  2  0.3
  0  0.0
  1  0.0
  2  100
%CPU     %MEM    
106.7    0.3     
98.7  0.2
PSR %CPU
  3  1.9
  1  0.0
  2  0.0
  0 47.0
  1  0.3
  2  0.3
  0  0.3
  0  0.0
  1  0.0
  0  0.0
%CPU     %MEM    
106.7    0.3     
97.5  0.2
PSR %CPU
  3  1.9
  1  0.0
  2  0.0
  0 45.6
  1  0.3
  2  0.3
  3  0.3
  0  0.0
  1  0.0
  1 67.0
%CPU     %MEM    
100.0    0.3     
97.7  0.2
PSR %CPU
  3  1.9
  1  0.0
  2  0.0
  0 44.9
  1  0.3
  2  0.3
  3  0.3
  0  0.0
  2  0.0
  1  103
%CPU     %MEM    
100.0    0.3     
97.9  0.2
PSR %CPU
  3  1.9
  1  0.0
  2  0.0
  0 44.2
  1  0.3
  1  0.3
  2  0.3
  0  0.0
  1  0.0
  3  0.0
%CPU     %MEM    
100.0    0.3     
98.2  0.3
PSR %CPU
  3  1.9
  1  0.0
  2  0.0
  0 43.6
  1  0.3
  2  0.3
  2  0.3
  3  1.0
  2  0.0
  0 83.0
%CPU     %MEM    
100.0    0.3     
98.4  0.3
PSR %CPU
  3  1.9
  1  0.0
  2  0.0
  0 43.0
  1  0.3
  2  0.3
  2  0.3
  1  0.0
  2  0.0
  1  0.0
%CPU     %MEM    
106.7    0.3     
97.2  0.3
PSR %CPU
  0  1.9
  1  0.0
  2  0.0
  0 41.8
  2  0.3
  3  0.3
  1  0.3
  1  0.0
  2  0.0
  0 26.0
%CPU     %MEM    
100.0    0.3     
97.5  0.3
PSR %CPU
  0  1.8
  1  0.0
  2  0.0
  0 41.2
  2  0.3
  3  0.3
  1  0.3
  1  0.0
  2  0.0
  0 71.5
%CPU     %MEM    
93.3     0.3     
97.6  0.3
PSR %CPU
  0  1.8
  1  0.0
  3  0.0
  0 40.6
  2  0.3
  3  0.3
  1  0.3
%CPU     %MEM    
106.7    0.3     
97.8  0.3
PSR %CPU
  0  1.8
  1  0.0
  3  0.0
  3 40.1
  2  0.3
  3  0.3
  1  0.3
  1  0.0
  1  0.0
  3  0.0
%CPU     %MEM    
62.5     0.3     
98.0  0.3
PSR %CPU
  0  1.8
  1  0.0
  2  0.0
  3 39.5
  2  0.3
  3  0.3
  1  0.3
  1  0.0
  2  0.0
  2  0.0
%CPU     %MEM    
100.0    0.3     
98.3  0.3
PSR %CPU
  0  1.8
  1  0.0
  2  0.0
  3 39.0
  2  0.3
  3  0.3
  1  0.3
  1  0.0
  2  0.0
  3  0.0
%CPU     %MEM    
106.7    0.4     
97.2  0.3
PSR %CPU
  0  1.7
  1  0.0
  3  0.0
  2 38.0
  2  0.3
  3  0.3
  1  0.3
  3  1.0
  2  0.0
  1  102
%CPU     %MEM    
106.7    0.4     
97.4  0.3
PSR %CPU
  0  1.7
  1  0.0
  3  0.0
  2 37.5
  2  0.3
  0  0.3
  1  0.3
  1  1.0
  3  0.0
  2 45.0
%CPU     %MEM    
100.0    0.4     
97.7  0.3
PSR %CPU
  0  1.7
  1  0.0
  3  0.0
  2 37.1
  2  0.3
  0  0.3
  1  0.3
  1 55.0
  3  0.0
  2 27.5
%CPU     %MEM    
106.7    0.4     
97.9  0.3
PSR %CPU
  0  1.7
  1  0.0
  3  0.0
  2 36.6
  3  0.3
  0  0.3
  1  0.3
  3 17.0
  3  0.0
  2 53.0
%CPU     %MEM    
93.8     0.4     
98.2  0.3
PSR %CPU
  0  1.7
  1  0.0
  3  0.0
  2 36.2
  3  0.3
  0  0.3
  1  0.3
  3 67.0
  3  0.0
  2 27.0
%CPU     %MEM    
106.7    0.4     
98.3  0.3
PSR %CPU
  0  1.7
  1  0.0
  3  0.0
  2 35.7
  3  0.3
  1  0.3
  1  0.3
  1  0.0
  2  0.0
  0  0.0
%CPU     %MEM    
100.0    0.4     
97.4  0.3
PSR %CPU
  0  1.6
  1  0.0
  3  0.0
  2 34.9
  3  0.3
  0  0.3
  1  0.3
  2  0.0
  2  0.0
  2 25.0
%CPU     %MEM    
86.7     0.3     
97.5  0.3
PSR %CPU
  0  1.6
  1  0.0
  3  0.0
  2 34.5
  3  0.3
  0  0.3
  1  0.3
%CPU     %MEM    
100.0    0.4     
97.7  0.3
PSR %CPU
  1  1.6
  1  0.0
  3  0.0
  0 34.1
  3  0.3
  3  0.3
  1  0.3
  3  0.0
  2  0.0
  0  109
%CPU     %MEM    
106.7    0.4     
97.9  0.3
PSR %CPU
  1  1.6
  1  0.0
  2  0.0
  0 33.7
  1  0.4
  3  0.3
  1  0.3
  3  5.0
  1  8.0
  2 55.0
%CPU     %MEM    
53.3     0.4     
98.0  0.3
PSR %CPU
  1  1.6
  1  0.0
  1  0.0
  0 33.3
  1  0.4
  2  0.3
  2  0.3
  1  0.0
  0  0.0
  3  0.0
%CPU     %MEM    
100.0    0.4     
97.2  0.3
PSR %CPU
  1  1.6
  1  0.0
  1  0.0
  0 32.6
  1  0.4
  2  0.3
  2  0.3
  1  0.0
  0  0.5
  3 58.0
%CPU     %MEM    
93.8     0.4     
97.4  0.3
PSR %CPU
  1  1.6
  1  0.0
  1  0.0
  0 32.2
  2  0.4
  1  0.3
  2  0.3
  2  0.0
  3  0.0
  0 64.0
%CPU     %MEM    
100.0    0.4     
97.3  0.4
PSR %CPU
  1  1.6
  1  0.0
  1  0.0
  2 31.9
  0  0.4
  3  0.3
  2  0.3
  2  0.0
  2  0.0
  2  0.0
%CPU     %MEM    
100.0    0.4     
97.5  0.4
PSR %CPU
  1  1.6
  1  0.0
  1  0.0
  2 31.6
  0  0.4
  3  0.3
  2  0.3
  2  0.0
  2  0.0
  2  136
%CPU     %MEM    
100.0    0.4     
97.6  0.4
PSR %CPU
  1  1.6
  1  0.0
  1  0.0
  2 31.2
  0  0.4
  3  0.3
  2  0.3
  2  0.0
  3  0.0
  0  0.0
%CPU     %MEM    
93.8     0.4     
97.5  0.4
PSR %CPU
  1  1.6
  1  0.0
  1  0.0
  0 30.9
  0  0.4
  3  0.3
  2  0.3
  3  0.0
  3  0.0
  3  0.0
%CPU     %MEM    
86.7     0.4     
96.7  0.4
PSR %CPU
  1  1.6
  1  0.0
  1  0.0
  0 30.3
  0  0.4
  2  0.3
  2  0.3
  0  0.0
  3  0.0
  2  0.0
%CPU     %MEM    
100.0    0.4     
96.8  0.4
PSR %CPU
  0  1.6
  1  0.0
  1  0.0
  0 30.0
  1  0.4
  2  0.3
  1  0.3
  1  0.0
  3  0.0
  3 42.0
%CPU     %MEM    
100.0    0.4     
97.0  0.4
PSR %CPU
  0  1.6
  1  0.0
  1  0.0
  0 29.7
  1  0.4
  2  0.3
  1  0.3
  1  0.0
  3  0.0
  3 80.0
%CPU     %MEM    
100.0    0.4     
97.2  0.4
PSR %CPU
  0  1.6
  1  0.0
  1  0.0
  0 29.4
  1  0.4
  2  0.3
  3  0.3
  1  0.0
  2  0.0
  2  0.0
%CPU     %MEM    
100.0    0.4     
97.4  0.4
PSR %CPU
  3  1.6
  1  0.0
  1  0.0
  0 30.0
  1  0.4
  2  0.3
  3  0.3
%CPU     %MEM    
100.0    0.4     
97.6  0.4
PSR %CPU
  3  1.6
  1  0.0
  1  0.0
  0 30.8
  1  0.4
  2  0.3
  3  0.3
%CPU     %MEM    
106.7    0.4     
96.9  0.4
PSR %CPU
  3  1.6
  1  0.0
  1  0.0
  0 31.4
  1  0.4
  2  0.3
  3  0.3
%CPU     %MEM    
93.8     0.4     
97.0  0.4
PSR %CPU
  2  1.6
  1  0.0
  1  0.0
  0 31.9
  2  0.4
  2  0.3
  1  0.3
  3  0.0
  2  0.0
  0  0.0
%CPU     %MEM    
100.0    0.4     
97.2  0.4
PSR %CPU
  2  1.6
  1  0.0
  1  0.0
  0 31.6
  2  0.4
  2  0.3
  1  0.3
  3  0.0
  2  8.0
  0  133
%CPU     %MEM    
87.5     0.5     
97.4  0.4
PSR %CPU
  1  1.6
  1  0.0
  1  0.0
  0 31.3
  2  0.4
  1  0.3
  2  0.3
  2  0.0
  3  0.0
  0  0.0
%CPU     %MEM    
100.0    0.4     
97.5  0.4
PSR %CPU
  2  1.6
  1  0.0
  1  0.0
  0 31.6
  1  0.4
  1  0.3
  2  0.3
%CPU     %MEM    
100.0    0.4     
96.8  0.4
PSR %CPU
  2  1.5
  1  0.0
  1  0.0
  0 32.1
  2  0.3
  1  0.3
  2  0.3
%CPU     %MEM    
93.8     0.4     
96.9  0.4
PSR %CPU
  2  1.5
  1  0.0
  2  0.0
  0 31.8
  2  0.3
  1  0.3
  2  0.3
  3  0.0
  1  0.0
  0  115
%CPU     %MEM    
106.7    0.4     
97.1  0.4
PSR %CPU
  1  1.5
  1  0.0
  2  0.0
  0 31.5
  2  0.4
  2  0.3
  1  0.3
  2  0.0
  1  0.0
  3 50.0
%CPU     %MEM    
106.2    0.4     
97.3  0.4
PSR %CPU
  2  1.5
  1  0.0
  2  0.0
  0 32.2
  1  0.4
  1  0.3
  2  0.3
%CPU     %MEM    
100.0    0.4     
97.5  0.4
PSR %CPU
  2  1.5
  1  0.0
  2  0.0
  0 33.0
  1  0.4
  1  0.3
  2  0.3
%CPU     %MEM    
100.0    0.4     
97.6  0.4
PSR %CPU
  2  1.5
  1  0.0
  2  0.0
  0 33.7
  1  0.3
  1  0.3
  2  0.3
%CPU     %MEM    
50.0     0.5     
96.9  0.4
PSR %CPU
  2  1.5
  1  0.0
  1  0.0
  0 34.0
  1  0.3
  1  0.3
  1  0.3
  1  0.0
  2  0.0
  3  0.0
%CPU     %MEM    
100.0    0.5     
97.1  0.4
PSR %CPU
  2  1.5
  1  0.0
  1  0.0
  0 33.8
  1  0.3
  1  0.3
  1  0.3
  0  0.0
  2  9.0
  3  110
%CPU     %MEM    
86.7     0.4     
97.2  0.4
PSR %CPU
  2  1.4
  2  0.0
  2  0.0
  0 33.5
  2  0.3
  2  0.3
  1  0.3
  3  0.0
  1  0.0
  0  0.0
%CPU     %MEM    
87.5     0.5     
97.3  0.4
PSR %CPU
  1  1.4
  2  0.0
  2  0.0
  0 33.2
  3  0.3
  2  0.3
  3  0.3
  3  0.0
  3  0.0
  0  0.0
%CPU     %MEM    
80.0     0.5     
97.5  0.4
PSR %CPU
  1  1.4
  2  0.0
  2  0.0
  0 32.9
  2  0.3
  2  0.3
  3  0.3
  2  0.0
  0  0.0
  1  0.0
%CPU     %MEM    
86.7     0.5     
97.6  0.4
PSR %CPU
  1  1.4
  2  0.0
  2  0.0
  0 32.7
  3  0.3
  2  0.3
  3  0.3
%CPU     %MEM    
93.8     0.5     
96.9  0.5
PSR %CPU
  1  1.4
  2  0.0
  2  0.0
  0 32.1
  3  0.4
  0  0.3
  2  0.3
  1  0.0
  0  3.0
  1  105
%CPU     %MEM    
100.0    0.5     
97.1  0.5
PSR %CPU
  1  1.4
  2  0.0
  2  0.0
  0 31.9
  3  0.3
  0  0.3
  2  0.3
  2  0.0
  2  2.0
  3 57.0
%CPU     %MEM    
100.0    0.5     
97.2  0.5
PSR %CPU
  1  1.4
  2  0.0
  2  0.0
  0 31.9
  3  0.4
  0  0.3
  2  0.3
%CPU     %MEM    
106.7    0.5     
97.4  0.5
PSR %CPU
  1  1.4
  2  0.0
  2  0.0
  0 32.5
  3  0.3
  0  0.3
  2  0.3
%CPU     %MEM    
100.0    0.5     
97.5  0.5
PSR %CPU
  1  1.4
  2  0.0
  2  0.0
  0 32.5
  3  0.3
  0  0.3
  2  0.3
  3  0.0
  3  0.0
  3  0.0
%CPU     %MEM    
106.7    0.5     
96.7  0.5
PSR %CPU
  1  1.4
  2  0.0
  2  0.0
  0 32.0
  3  0.3
  0  0.3
  1  0.3
  2  0.0
  3  0.0
  0  0.0
%CPU     %MEM    
93.8     0.5     
96.9  0.5
PSR %CPU
  1  1.4
  2  0.0
  2  0.0
  0 32.2
  3  0.3
  0  0.3
  2  0.3
%CPU     %MEM    
106.2    0.5     
97.1  0.5
PSR %CPU
  1  1.4
  2  0.0
  2  0.0
  0 32.9
  3  0.3
  0  0.3
  2  0.3
%CPU     %MEM    
93.8     0.5     
97.2  0.5
PSR %CPU
  1  1.4
  2  0.0
  2  0.0
  0 33.5
  3  0.3
  0  0.3
  2  0.3
%CPU     %MEM    
93.8     0.5     
97.4  0.5
PSR %CPU
  1  1.3
  2  0.0
  2  0.0
  0 34.2
  3  0.3
  0  0.3
  2  0.3
%CPU     %MEM    
100.0    0.5     
97.5  0.5
PSR %CPU
  1  1.3
  2  0.0
  2  0.0
  0 34.8
  3  0.3
  0  0.3
  2  0.3
%CPU     %MEM    
100.0    0.6     
96.9  0.5
PSR %CPU
  1  1.3
  2  0.0
  2  0.0
  0 34.3
  3  0.3
  0  0.3
  2  0.3
  2  0.0
  3  0.0
  3  106
%CPU     %MEM    
100.0    0.5     
97.1  0.5
PSR %CPU
  1  1.3
  2  0.0
  2  0.0
  0 34.1
  1  0.3
  0  0.3
  2  0.3
  2  0.0
  0  0.0
  0 52.0
%CPU     %MEM    
100.0    0.5     
97.2  0.4
PSR %CPU
  2  1.3
  2  0.0
  2  0.0
  0 34.1
  1  0.3
  0  0.3
  2  0.3
%CPU     %MEM    
106.7    0.5     
97.4  0.4
PSR %CPU
  2  1.3
  2  0.0
  2  0.0
  0 34.6
  1  0.3
  0  0.3
  2  0.3
%CPU     %MEM    
100.0    0.5     
97.5  0.4
PSR %CPU
  2  1.3
  2  0.0
  2  0.0
  0 35.2
  1  0.3
  0  0.3
  2  0.3
%CPU     %MEM    
100.0    0.5     
97.6  0.4
PSR %CPU
  2  1.3
  2  0.0
  2  0.0
  0 35.5
  1  0.3
  0  0.3
  2  0.3
%CPU     %MEM    
100.0    0.5     
97.1  0.4
PSR %CPU
  2  1.3
  2  0.0
  2  0.0
  0 36.1
  1  0.3
  0  0.3
  2  0.3
%CPU     %MEM    
93.8     0.5     
97.3  0.4
PSR %CPU
  2  1.3
  2  0.0
  2  0.0
  0 36.7
  1  0.3
  0  0.3
  2  0.3
%CPU     %MEM    
106.7    0.5     
97.4  0.4
PSR %CPU
  2  1.2
  2  0.0
  2  0.0
  0 37.2
  1  0.3
  0  0.3
  2  0.3
%CPU     %MEM    
100.0    0.5     
97.5  0.4
PSR %CPU
  2  1.2
  2  0.0
  2  0.0
  0 37.8
  1  0.3
  0  0.3
  2  0.3
%CPU     %MEM    
106.7    0.5     
97.6  0.5
PSR %CPU
  2  1.2
  0  0.0
  0  0.0
  0 37.7
  1  0.3
  0  0.3
  0  0.3
  3  0.0
  0  0.0
  2  0.0
%CPU     %MEM    
86.7     0.5     
97.1  0.5
PSR %CPU
  2  1.2
  0  0.0
  0  0.0
  0 37.2
  0  0.3
  0  0.3
  1  0.3
  3  0.0
  0  0.0
  2  0.0
%CPU     %MEM    
93.8     0.6     
97.2  0.5
PSR %CPU
  2  1.3
  0  0.0
  1  0.0
  0 37.0
  2  0.3
  1  0.3
  0  0.3
  2  0.0
  2  0.0
  3 51.0
%CPU     %MEM    
80.0     0.6     
97.3  0.5
PSR %CPU
  2  1.3
  0  0.0
  1  0.0
  0 36.7
  1  0.3
  1  0.3
  0  0.3
  3  0.0
  0  0.0
  0  0.0
%CPU     %MEM    
113.3    0.6     
97.4  0.5
PSR %CPU
  2  1.3
  0  0.0
  2  0.0
  0 36.5
  1  0.3
  1  0.3
  2  0.3
  3  0.0
  0  0.0
  1  0.0
%CPU     %MEM    
106.7    0.6     
97.5  0.5
PSR %CPU
  1  1.3
  0  0.0
  2  0.0
  0 36.3
  3  0.3
  2  0.3
  1  0.3
  1  0.0
  3  2.0
  0 93.0
%CPU     %MEM    
100.0    0.6     
97.7  0.5
PSR %CPU
  1  1.3
  0  0.0
  2  0.0
  0 36.0
  3  0.3
  2  0.3
  2  0.3
  2  0.0
  0  0.0
  2  0.0
%CPU     %MEM    
100.0    0.6     
97.2  0.5
PSR %CPU
  1  1.3
  0  0.0
  2  0.0
  0 35.6
  3  0.3
  1  0.3
  0  0.3
  2  0.0
  3  1.0
  0 56.0
%CPU     %MEM    
81.2     0.6     
97.2  0.5
PSR %CPU
  1  1.4
  0  0.0
  2  0.0
  1 35.3
  3  0.3
  1  0.3
  0  0.3
  3  0.0
  3  0.0
  3  0.0
%CPU     %MEM    
93.8     0.6     
97.3  0.6
PSR %CPU
  1  1.4
  0  0.0
  2  0.0
  1 35.1
  2  0.3
  0  0.3
  3  0.3
  2  0.0
  0  0.0
  0  0.0
%CPU     %MEM    
106.2    0.6     
97.4  0.5
PSR %CPU
  1  1.4
  0  0.0
  2  0.0
  1 34.9
  2  0.3
  0  0.3
  3  0.3
  2  0.0
  1  0.0
  0  0.0
%CPU     %MEM    
106.7    0.6     
97.5  0.5
PSR %CPU
  0  1.4
  0  0.0
  2  0.0
  1 34.7
  2  0.3
  0  0.3
  3  0.3
  1  0.0
  1  0.0
  2  0.0
%CPU     %MEM    
100.0    0.6     
97.6  0.6
PSR %CPU
  1  1.4
  2  0.0
  2  0.0
  1 34.5
  2  0.3
  0  0.3
  3  0.3
  1  0.0
  2  0.0
  3  0.0
%CPU     %MEM    
87.5     0.7     
97.1  0.6
PSR %CPU
  0  1.4
  2  0.0
  2  0.0
  1 34.1
  1  0.4
  0  0.3
  3  0.3
  1  0.0
  3  0.0
  2  0.0
%CPU     %MEM    
100.0    0.7     
97.2  0.6
PSR %CPU
  0  1.4
  2  0.0
  0  0.0
  1 33.9
  1  0.3
  0  0.4
  3  0.3
  1  0.0
  3  0.0
  2  108
%CPU     %MEM    
100.0    0.7     
97.3  0.6
PSR %CPU
  0  1.4
  2  0.0
  0  0.0
  1 33.7
  1  0.4
  3  0.4
  3  0.3
  0  0.0
  2  0.0
  1  0.0
%CPU     %MEM    
87.5     0.7     
97.4  0.6
PSR %CPU
  0  1.5
  2  0.0
  2  0.0
  1 33.5
  1  0.4
  3  0.4
  0  0.3
  1  0.0
  0  0.0
  2  0.0
%CPU     %MEM    
100.0    0.7     
97.4  0.6
PSR %CPU
  0  1.5
  2  0.0
  2  0.0
  1 33.3
  1  0.4
  3  0.4
  2  0.3
  1  0.0
  0  0.0
  3  0.0
%CPU     %MEM    
100.0    0.7     
97.0  0.6
PSR %CPU
  0  1.5
  2  0.0
  2  0.0
  1 32.9
  1  0.3
  3  0.4
  2  0.3
  1  0.0
  2  0.0
  1 18.0
%CPU     %MEM    
100.0    0.7     
97.1  0.6
PSR %CPU
  0  1.5
  2  0.0
  2  0.0
  1 32.7
  1  0.4
  3  0.4
  2  0.3
  2  0.0
  3  0.0
  2 63.0
%CPU     %MEM    
100.0    0.7     
97.2  0.7
PSR %CPU
  0  1.5
  2  0.0
  2  0.0
  1 32.5
  1  0.4
  3  0.4
  2  0.3
  1  2.0
  3  0.0
  0 94.0
%CPU     %MEM    
93.8     0.7     
97.3  0.6
PSR %CPU
  0  1.5
  2  0.0
  2  0.0
  1 32.3
  1  0.4
  3  0.4
  2  0.3
  1  0.0
  2  0.0
  3  0.0
%CPU     %MEM    
86.7     0.7     
97.3  0.7
PSR %CPU
  0  1.5
  1  0.0
  1  0.0
  1 32.1
  1  0.4
  3  0.4
  2  0.3
%CPU     %MEM    
100.0    0.7     
97.5  0.7
PSR %CPU
  1  1.5
  1  0.0
  1  0.0
  1 31.9
  1  0.4
  3  0.4
  2  0.3
  1  0.0
  3  0.0
  0  115
%CPU     %MEM    
60.0     0.7     
97.0  0.6
PSR %CPU
  1  1.5
  1  0.0
  1  0.0
  1 31.6
  0  0.4
  3  0.4
  2  0.3
  2  0.0
  2  0.0
  3  0.0
%CPU     %MEM    
100.0    0.7     
97.1  0.7
PSR %CPU
  1  1.5
  1  0.0
  1  0.0
  1 31.4
  0  0.4
  1  0.4
  2  0.3
  0  0.0
  0  0.0
  0 44.0
%CPU     %MEM    
100.0    0.7     
97.2  0.7
PSR %CPU
  1  1.5
  1  0.0
  1  0.0
  1 31.2
  1  0.4
  0  0.4
  2  0.3
  2  0.0
  2  0.0
  3  0.0
%CPU     %MEM    
100.0    0.7     
97.3  0.7
PSR %CPU
  0  1.5
  1  0.0
  2  0.0
  1 31.1
  2  0.4
  0  0.4
  1  0.4
  1  0.0
  2  0.0
  3  0.0
%CPU     %MEM    
93.8     0.7     
97.4  0.7
PSR %CPU
  0  1.5
  1  0.0
  2  0.0
  1 30.9
  2  0.4
  0  0.4
  1  0.4
  1  4.0
  2  2.0
  3  130
%CPU     %MEM    
73.3     0.7     
97.5  0.7
PSR %CPU
  1  1.5
  1  0.0
  2  0.0
  1 30.6
  0  0.4
  0  0.4
  2  0.4
  3  0.0
  0  0.0
  0  1.0
%CPU     %MEM    
100.0    0.7     
97.0  0.7
PSR %CPU
  1  1.5
  1  0.0
  2  0.0
  1 30.4
  3  0.4
  0  0.4
  2  0.4
  2  4.0
  0  2.0
  1 29.0
%CPU     %MEM    
93.8     0.7     
97.1  0.7
PSR %CPU
  1  1.5
  1  0.0
  2  0.0
  1 30.2
  3  0.4
  0  0.4
  2  0.3
  2  2.0
  0  1.0
  1 73.0
%CPU     %MEM    
93.8     0.7     
97.2  0.7
PSR %CPU
  1  1.5
  1  0.0
  2  0.0
  1 30.1
  3  0.4
  0  0.4
  2  0.4
  2  0.0
  3  0.0
  1  0.0
%CPU     %MEM    
100.0    0.8     
97.3  0.7
PSR %CPU
  2  1.5
  1  0.0
  2  0.0
  1 29.9
  3  0.4
  0  0.4
  2  0.4
  3  0.0
  0  0.0
  1  0.0
%CPU     %MEM    
94.1     0.8     
97.4  0.7
PSR %CPU
  2  1.5
  1  0.0
  2  0.0
  1 29.7
  2  0.4
  0  0.4
  0  0.4
  3  0.0
  0  0.0
  0  0.0
%CPU     %MEM    
100.0    0.8     
96.9  0.7
PSR %CPU
  2  1.5
  1  0.0
  2  0.0
  1 29.4
  3  0.4
  1  0.4
  0  0.4
  3  0.0
  2  0.0
  1 27.0
%CPU     %MEM    
100.0    0.8     
97.0  0.7
PSR %CPU
  2  1.5
  1  0.0
  2  0.0
  1 29.3
  3  0.4
  1  0.4
  0  0.4
  3  0.0
  2  0.0
  1 72.5
%CPU     %MEM    
68.8     0.8     
97.1  0.7
PSR %CPU
  0  1.5
  1  0.0
  2  0.0
  1 29.1
  3  0.4
  1  0.4
  0  0.4
  1  0.0
  2  0.0
  2  0.0
%CPU     %MEM    
100.0    0.8     
97.2  0.8
PSR %CPU
  0  1.5
  1  0.0
  2  0.0
  1 29.0
  1  0.4
  1  0.4
  3  0.4
  2  0.0
  3  0.0
  3  0.0
%CPU     %MEM    
93.3     0.8     
97.3  0.8
PSR %CPU
  0  1.5
  1  0.0
  2  0.0
  1 28.8
  1  0.4
  1  0.4
  3  0.4
  2  0.0
  3  0.0
  3  160
%CPU     %MEM    
93.8     0.8     
97.4  0.8
PSR %CPU
  0  1.5
  1  0.0
  2  0.0
  1 28.7
  1  0.4
  1  0.4
  2  0.4
  1  0.0
  2  0.0
  3  0.0
%CPU     %MEM    
93.8     0.8     
97.0  0.8
PSR %CPU
  0  1.5
  1  0.0
  2  0.0
  1 28.4
  3  0.4
  0  0.4
  2  0.4
  1  0.0
  0  0.0
  3 32.0
%CPU     %MEM    
93.8     0.8     
97.1  0.8
PSR %CPU
  0  1.6
  1  0.0
  2  0.0
  1 28.3
  1  0.4
  3  0.4
  2  0.4
  2  0.0
  3  0.0
  2  0.0
%CPU     %MEM    
100.0    0.9     
97.2  0.8
PSR %CPU
  0  1.6
  1  0.0
  2  0.0
  1 28.1
  1  0.4
  3  0.4
  2  0.4
  1  0.0
  3  0.0
  2  0.0
%CPU     %MEM    
100.0    0.8     
97.2  0.8
PSR %CPU
  0  1.6
  1  0.0
  2  0.0
  1 28.0
  1  0.4
  3  0.4
  2  0.4
  1  0.0
  3  0.0
  1  0.0
%CPU     %MEM    
53.3     0.8     
97.3  0.8
PSR %CPU
  1  1.6
  1  0.0
  3  0.0
  1 27.8
  1  0.4
  2  0.4
  2  0.4
%CPU     %MEM    
93.8     0.9     
96.9  0.8
PSR %CPU
  1  1.6
  1  0.0
  3  0.0
  1 27.6
  1  0.4
  2  0.4
  3  0.4
%CPU     %MEM    
100.0    0.9     
97.0  0.8
PSR %CPU
  1  1.6
  1  0.0
  3  0.0
  1 27.4
  1  0.4
  2  0.4
  1  0.4
  3  0.0
  3  0.0
  3 62.0
%CPU     %MEM    
93.8     0.9     
97.1  0.8
PSR %CPU
  3  1.6
  1  0.0
  1  0.0
  1 27.3
  1  0.4
  1  0.4
  2  0.4
  0  0.0
  2  0.0
  2  0.0
%CPU     %MEM    
93.8     0.9     
97.1  0.9
PSR %CPU
  3  1.6
  1  0.0
  1  0.0
  1 27.2
  1  0.4
  0  0.4
  2  0.4
  2  0.0
  2  0.0
  1  0.0
%CPU     %MEM    
100.0    0.9     
97.2  0.9
PSR %CPU
  3  1.6
  1  0.0
  1  0.0
  1 27.0
  1  0.4
  0  0.4
  2  0.4
  2  0.0
  2  0.0
  1  172
%CPU     %MEM    
100.0    0.9     
97.3  0.8
PSR %CPU
  3  1.6
  1  0.0
  1  0.0
  1 26.9
  1  0.4
  3  0.4
  2  0.4
  0  0.0
  0  0.0
  0  0.0
%CPU     %MEM    
100.0    0.9     
96.9  0.8
PSR %CPU
  3  1.6
  1  0.0
  1  0.0
  1 26.7
  1  0.4
  1  0.4
  2  0.4
  0  0.0
  3  0.0
  1 72.0
%CPU     %MEM    
66.7     0.9     
97.0  0.8
PSR %CPU
  0  1.6
  1  0.0
  1  0.0
  1 26.5
  3  0.4
  1  0.4
  2  0.4
  3  0.0
  2  0.0
  0  0.0
%CPU     %MEM    
93.8     0.9     
97.1  0.8
PSR %CPU
  0  1.6
  1  0.0
  1  0.0
  1 26.4
  3  0.4
  0  0.4
  2  0.4
  1  0.0
  2  0.0
  1  0.0
%CPU     %MEM    
100.0    1.0     
97.2  0.9
PSR %CPU
  0  1.6
  1  0.0
  2  0.0
  1 26.3
  3  0.4
  2  0.4
  3  0.4
  1  0.0
  0  0.0
  3 85.0
%CPU     %MEM    
100.0    0.9     
97.2  0.9
PSR %CPU
  0  1.6
  1  0.0
  1  0.0
  1 26.2
  1  0.4
  1  0.4
  3  0.4
  2  0.0
  2  0.0
  1  0.0
%CPU     %MEM    
100.0    1.0     
96.8  0.9
PSR %CPU
  1  1.6
  3  0.0
  1  0.0
  1 25.9
  2  0.4
  0  0.4
  3  0.4
  2  0.0
  3  0.0
  2 13.0
%CPU     %MEM    
100.0    1.0     
96.9  0.9
PSR %CPU
  1  1.5
  3  0.0
  1  0.0
  1 25.8
  2  0.4
  0  0.4
  3  0.4
  2  0.0
  3  0.0
  2 65.0
%CPU     %MEM    
93.8     1.0     
96.9  0.9
PSR %CPU
  1  1.5
  3  0.0
  1  0.0
  1 25.7
  2  0.4
  0  0.4
  3  0.4
  3  0.0
  1  0.0
  3  0.0
%CPU     %MEM    
100.0    0.9     
97.0  0.9
PSR %CPU
  1  1.6
  3  0.0
  1  0.0
  1 25.6
  2  0.4
  0  0.4
  3  0.4
  2  0.0
  2  0.0
  3 81.0
%CPU     %MEM    
93.8     0.9     
97.1  0.9
PSR %CPU
  1  1.5
  3  0.0
  1  0.0
  1 25.4
  2  0.4
  0  0.4
  3  0.4
  2  0.0
  1  0.0
  2  0.0
%CPU     %MEM    
100.0    1.0     
97.1  0.9
PSR %CPU
  1  1.6
  3  0.0
  1  0.0
  1 25.3
  2  0.4
  0  0.4
  3  0.4
  1  0.0
  1  0.0
  2  0.0
%CPU     %MEM    
100.0    1.0     
96.8  0.9
PSR %CPU
  1  1.5
  3  0.0
  1  0.0
  1 25.1
  2  0.4
  0  0.4
  3  0.4
  1  2.0
  1  0.0
  2 67.5
%CPU     %MEM    
93.8     1.0     
96.8  0.9
PSR %CPU
  1  1.5
  3  0.0
  1  0.0
  1 25.0
  1  0.4
  0  0.4
  3  0.4
  2  2.0
  2  0.0
  0 35.0
%CPU     %MEM    
100.0    0.9     
96.9  0.9
PSR %CPU
  1  1.6
  3  0.0
  1  0.0
  1 24.9
  0  0.4
  3  0.4
  3  0.4
  1  0.0
  1  0.0
  2 77.0
%CPU     %MEM    
100.0    0.9     
97.0  0.9
PSR %CPU
  1  1.6
  3  0.0
  1  0.0
  1 24.8
  0  0.4
  3  0.4
  3  0.4
  2  0.0
  2  0.0
  0  0.0
%CPU     %MEM    
100.0    1.0     
97.0  1.0
PSR %CPU
  2  1.6
  3  0.0
  1  0.0
  1 24.7
  1  0.4
  3  0.4
  0  0.4
  3  0.0
  2  0.0
  3  0.0
%CPU     %MEM    
93.3     1.0     
97.1  1.0
PSR %CPU
  2  1.6
  2  0.0
  1  0.0
  1 24.6
  1  0.4
  3  0.4
  0  0.4
  0  0.0
  0  0.0
  0  0.0
%CPU     %MEM    
100.0    1.0     
96.8  0.9
PSR %CPU
  2  1.6
  1  0.0
  1  0.0
  1 24.4
  1  0.4
  3  0.4
  1  0.4
  2  5.0
  1  0.0
  0 15.0
%CPU     %MEM    
100.0    1.0     
96.9  0.9
PSR %CPU
  2  1.6
  1  0.0
  1  0.0
  1 24.3
  1  0.4
  3  0.4
  1  0.4
  2  2.5
  1  0.0
  0 66.5
%CPU     %MEM    
100.0    1.0     
97.0  0.9
PSR %CPU
  2  1.6
  1  0.0
  1  0.0
  1 24.1
  3  0.4
  3  0.4
  1  0.4
  3  2.0
  0  0.0
  1 52.0
%CPU     %MEM    
62.5     1.0     
97.0  1.0
PSR %CPU
  2  1.6
  1  0.0
  1  0.0
  3  0.4
  1  0.4
  0  0.4
  3  0.0
  1  0.0
  0  0.0
%CPU     %MEM    
86.7     1.0     
97.1  1.0
PSR %CPU
  2  1.6
  1  0.0
  1  0.0
  3  0.4
  1  0.4
  0  0.4
  1  0.0
  1  0.0
  3  0.0