732
1526
2361
3232
4094
5062
5939
6841
7675
8438
9204
10013
10554
11366
11640
11778
11789
11794
11831
11931
11932
11933
11984
12222
12336
12337
12340
12376
12427
12526
12529
12533
12539
12576
12670
12691
12731
12732
12777
14908
15888
15889
16884
18363
19342
20318
21297
22276
23255
24231
25210
26188
27171
29452
30229
34444
36749
37714
38764
39978
41289
42406
43206
44770
46706
47509
52727
53529
54463
56564
58593
62271
63612
63613
63740
63741
63742
63743
64476
66026
66325
66326
66327
66945
67117
67118
67119
67120
67121
67287
67995
68803
69618
69619
69823
69867
69911
69955
70392
70778
70779
70815
70933
70977
71710
72099
73024
73852
74005
74678
75226
75267
75273
75274
76106
76933
77997
78967
79982
81067
82130
84415
85687
85745
85782
85873
85892
86695
87523
88002
88686
88687
88705
89412
89703
89812
90622
91382
92241
92682
92773
92774
92775
92776
92810
92901
92902
92920
93711
95693
96617
97366
105848
106827
107806
108784
109766
110755
111597
112895
114097
114956
115734
116519
117299
118270
119169
120034
120840
124666
125490
126341
127098
127195
128912
129785
130565
131820
132678
133485
134333
135798
136656
137789
138715
139670
140520
141724
142695
143664
145158
146137
147116
148089
149050
150037
151028
152007
152986
153987
157062
158141
160593
164551
169402
170220
171050
171976
172843
173978
176092
180276
183300
184175