1000
7000
13000
19000
25000
31000
37000
43000
49000
55000
61000
67000
73000
79000
85000
91000
97000
103000
109000
115000
121000
127000
133000
139000
145000
151000
157000
163000
169000
175000
181000
187000
193000
199000
205000
211000
217000
223000
229000
235000
241000
247000
253000
259000
265000
271000
277000
283000
289000
295000
301000
307000
313000
319000
325000
331000
337000
343000
349000
355000
361000
367000
373000
379000
385000
391000
397000
403000
409000
415000
421000
427000
433000
439000
445000
451000
457000
463000
469000
475000
481000
487000
493000
499000
505000
511000
517000
523000
529000
535000
541000
547000
553000
559000
565000
571000
577000
583000
589000
595000
601000
607000
613000
619000
625000
631000
637000
643000
649000
655000
661000
667000
673000
679000
685000
691000
697000
703000
709000
715000
721000
727000
733000
739000
745000
751000
757000
763000
769000
775000
781000
787000
793000
799000
805000
811000
817000
823000
829000
835000
841000
847000
853000
859000
865000
871000
877000
883000
889000
895000
901000
907000
913000
919000
925000
931000
937000
