11500
17500
23500
29500
35500
41500
47500
53500
59500
65500
71500
77500
83500
89500
95500
101500
107500
113500
119500
125500
131500
137500
143500
149500
155500
161500
167500
173500
179500
185500
191500
197500
203500
209500
215500
221500
227500
233500
239500
245500
251500
257500
263500
269500
275500
281500
287500
293500
299500
305500
311500
317500
323500
329500
335500
341500
347500
353500
359500
365500
371500
377500
383500
389500
395500
401500
407500
413500
419500
425500
431500
437500
443500
449500
455500
461500
467500
473500
479500
485500
491500
497500
503500
509500
515500
521500
527500
533500
539500
545500
551500
557500
563500
569500
575500
581500
587500
593500
599500
605500
611500
617500
623500
629500
635500
641500
647500
653500
659500
665500
671500
677500
683500
689500
695500
701500
707500
713500
719500
725500
731500
737500
743500
749500
755500
761500
767500
773500
779500
785500
791500
797500
803500
809500
815500
821500
827500
833500
839500
845500
851500
857500
863500
869500
875500
881500
887500
893500
899500
905500
911500
917500
923500
929500
935500
941500