500
6500
12500
18500
24500
30500
36500
42500
48500
54500
60500
66500
72500
78500
84500
90500
96500
102500
108500
114500
120500
126500
132500
138500
144500
150500
156500
162500
168500
174500
180500
186500
192500
198500
204500
210500
216500
222500
228500
234500
240500
246500
252500
258500
264500
270500
276500
282500
288500
294500
300500
306500
312500
318500
324500
330500
336500
342500
348500
354500
360500
366500
372500
378500
384500
390500
396500
402500
408500
414500
420500
426500
432500
438500
444500
450500
456500
462500
468500
474500
480500
486500
492500
498500
504500
510500
516500
522500
528500
534500
540500
546500
552500
558500
564500
570500
576500
582500
588500
594500
600500
606500
612500
618500
624500
630500
636500
642500
648500
654500
660500
666500
672500
678500
684500
690500
696500
702500
708500
714500
720500
726500
732500
738500
744500
750500
756500
762500
768500
774500
780500
786500
792500
798500
804500
810500
816500
822500
828500
834500
840500
846500
852500
858500
864500
870500
876500
882500
888500
894500
900500
906500
912500
918500
924500
930500
936500
