6.000000
7.000000
20.000000
24.000000
25.000000
27.000000
29.000000
30.000000
31.000000
33.000000
34.000000
36.000000
39.000000
39.000000
41.000000
42.000000
43.000000
43.000000
43.000000
44.000000
48.000000
48.000000
49.000000
55.000000
56.000000
57.000000
60.000000
62.000000
63.000000
66.000000
67.000000
69.000000
71.000000
73.000000
75.000000
76.000000
81.000000
84.000000
86.000000
90.000000
92.000000
92.000000
98.000000
101.000000
102.000000
104.000000
106.000000
107.000000
109.000000
111.000000
113.000000
114.000000
115.000000
117.000000
119.000000
122.000000
125.000000
128.000000
131.000000
133.000000
135.000000
138.000000
138.000000
139.000000
139.000000
140.000000
142.000000
144.000000
146.000000
148.000000
151.000000
155.000000
159.000000
164.000000
164.000000
170.000000
172.000000
174.000000
176.000000
178.000000
181.000000
181.000000
182.000000
182.000000
183.000000
183.000000
184.000000
185.000000
186.000000
187.000000
187.000000
191.000000
193.000000
195.000000
198.000000
201.000000
201.000000
202.000000
204.000000
206.000000
206.000000
209.000000
211.000000
214.000000
216.000000
218.000000
220.000000
221.000000
222.000000
222.000000
224.000000
225.000000
227.000000
228.000000
229.000000
232.000000
236.000000
239.000000
240.000000
242.000000
243.000000
245.000000
247.000000
248.000000
250.000000
251.000000
253.000000
253.000000
255.000000
255.000000
256.000000
256.000000
257.000000
258.000000
258.000000
259.000000
261.000000
264.000000
265.000000
267.000000
268.000000
269.000000
269.000000
272.000000
274.000000
275.000000
275.000000
276.000000
276.000000
277.000000
279.000000
283.000000
289.000000
291.000000
291.000000
293.000000
294.000000
