10.000000
20.000000
23.000000
25.000000
27.000000
28.000000
30.000000
31.000000
32.000000
33.000000
35.000000
39.000000
39.000000
40.000000
42.000000
43.000000
43.000000
43.000000
44.000000
47.000000
48.000000
48.000000
55.000000
56.000000
57.000000
59.000000
61.000000
63.000000
65.000000
66.000000
68.000000
70.000000
72.000000
74.000000
76.000000
80.000000
82.000000
86.000000
90.000000
92.000000
92.000000
95.000000
101.000000
102.000000
103.000000
105.000000
107.000000
109.000000
111.000000
113.000000
114.000000
115.000000
116.000000
119.000000
120.000000
123.000000
127.000000
131.000000
131.000000
134.000000
137.000000
138.000000
138.000000
139.000000
139.000000
141.000000
144.000000
146.000000
148.000000
150.000000
154.000000
158.000000
164.000000
164.000000
169.000000
171.000000
174.000000
176.000000
177.000000
180.000000
181.000000
182.000000
182.000000
183.000000
183.000000
184.000000
185.000000
185.000000
186.000000
187.000000
190.000000
192.000000
195.000000
197.000000
201.000000
201.000000
202.000000
203.000000
205.000000
206.000000
207.000000
210.000000
214.000000
216.000000
218.000000
220.000000
220.000000
222.000000
222.000000
224.000000
225.000000
227.000000
228.000000
229.000000
231.000000
235.000000
239.000000
240.000000
240.000000
243.000000
244.000000
246.000000
248.000000
249.000000
251.000000
253.000000
253.000000
255.000000
256.000000
256.000000
256.000000
257.000000
258.000000
258.000000
259.000000
261.000000
263.000000
265.000000
266.000000
267.000000
269.000000
270.000000
271.000000
273.000000
275.000000
276.000000
276.000000
277.000000
277.000000
278.000000
282.000000
287.000000
290.000000
291.000000
292.000000
294.000000
