0.0
17.0
23.25
25.275
34.75
24.45
22.125
13.15
49.95
10.7
9.075
21.2
31.7
7.45
7.0
15.525
7.175
8.325
9.25
10.15
11.025
35.05
37.0
37.325
9.2
8.925
8.675
8.875
9.525
10.125
10.675
11.175
11.675
11.85
12.3
12.375
50.6
11.85
15.65
24.675
11.025
10.875
10.65
10.45
17.05
23.625
9.725
9.6
9.425
9.3
27.225
17.825
8.7
8.575
42.925
13.925
21.325
7.975
7.85
45.5
7.65
7.425
18.35
27.5
7.175
7.075
7.0
26.075
6.75
19.925
6.625
44.525
19.4
15.825
6.275
40.675
6.125
6.075
12.2
23.9
20.825
27.9
5.725
50.65
22.8
28.75
22.2
28.4
5.35
23.5
18.95
5.175
20.875
28.825
5.075
18.0
22.95
20.225
27.425
4.875
38.1
16.025
4.75
17.2
25.925
4.65
9.325
4.525
34.0
4.475
4.45
4.45
26.5
12.35
4.35
4.3
41.775
4.25
12.175
4.2
34.9
4.125
4.1
23.05
4.025
17.25
3.975
3.95
3.95
3.9
16.1
26.325
3.825
3.8
3.775
19.0
13.725
3.7
3.675
40.175
5.125
17.625
3.6
39.8
3.55
3.525
24.525
3.5
17.0
3.5
3.475
50.975
3.425
14.925
3.4
3.4
3.375
22.35
3.35
3.35
3.35
3.325
3.3
7.775
21.3
26.9
3.275
3.3
3.3
27.275
3.275
3.25
21.25
3.225
37.975
18.45
3.175
18.175
25.675
3.15
3.1
14.85
25.075
3.075
3.075
3.05
21.025
20.525
3.025
20.0
27.25
7.975
17.725
2.95
2.95
2.95
2.925
2.925
28.9
2.9
18.4
2.875
2.875
24.725
11.6
2.85
2.825
2.825
2.85
7.075
2.825
2.8
2.8
2.8
2.775
8.75
15.3
2.775
2.75
2.775
17.575
2.725
18.225
2.7
2.7
47.2
9.675
18.65
2.675
37.425
2.65
13.375
2.65
34.1
2.625
2.625
2.625
11.075
2.6
2.6
29.325
2.575
2.575
13.075
2.525
2.55
2.55
30.8
13.0
2.525
29.525
2.525
2.5
2.475
9.65
