0.0
24.25
26.75
20.2
19.5
21.125
22.275
20.7
19.25
19.7
18.9
19.725
20.375
21.0
20.25
20.725
21.225
21.625
21.95
21.35
21.5
20.75
21.075
21.35
21.65
21.2
21.45
21.675
21.9
22.15
22.35
21.925
22.15
22.35
22.525
22.225
22.2
21.8
21.75
21.925
21.75
21.925
21.6
21.525
21.65
21.6
21.7
21.475
20.725
20.5
20.275
20.175
20.175
20.125
20.275
20.1
19.875
19.6
19.325
19.05
18.85
22.35
18.2
18.325
18.475
18.625
18.75
18.625
18.55
18.675
18.8
18.95
19.075
18.95
19.075
19.2
19.325
19.425
19.325
19.175
19.3
19.4
19.5
19.625
19.5
19.55
19.65
19.75
19.85
19.95
19.625
19.725
19.825
19.925
19.85
19.75
19.85
19.925
20.025
20.1
20.0
19.9
19.8
19.8
19.775
19.85
19.925
19.85
19.925
19.975
19.775
19.85
19.925
20.0
20.075
20.125
19.9
19.975
20.05
20.05
20.125
20.2
20.125
20.2
20.25
20.325
20.25
20.075
19.975
20.0
19.9
19.875
19.875
19.8
19.85
19.875
19.825
19.775
19.725
19.75
19.7
19.75
19.7
19.725
19.525
19.55
19.55
19.6
19.675
19.6
19.55
19.55
19.5
19.575
19.5
19.45
19.5
19.45
19.5
19.45
19.45
19.425
19.425
19.425
19.45
19.5
19.475
19.425
19.475
19.475
19.425
19.45
23.3
19.2
19.1
19.075
19.075
19.125
19.075
19.025
18.975
