0.0
0.0
37.25
33.375
38.425
16.55
13.975
14.075
13.575
12.075
20.5
9.275
26.325
8.025
9.025
9.7
10.8
11.8
12.7
13.425
14.175
14.15
42.375
13.075
12.625
13.15
13.7
13.775
14.25
14.725
15.15
15.575
15.95
15.875
16.225
16.3
54.625
15.6
14.95
24.925
14.425
14.275
14.225
14.325
19.825
13.975
13.9
13.9
13.675
15.925
19.725
12.775
12.575
39.85
12.175
35.075
11.625
33.2
11.35
11.2
35.625
16.225
32.825
10.45
32.325
10.225
9.95
9.85
9.725
46.35
9.5
33.0
36.175
9.1
38.75
8.9
8.8
23.15
32.575
8.475
29.65
8.325
9.15
16.55
17.975
24.45
7.875
7.8
9.925
7.6
7.65
7.7
7.65
7.675
14.075
7.65
7.85
8.05
8.25
32.625
8.1
8.2
8.15
8.075
8.025
24.65
16.35
32.8
7.725
7.9
21.825
7.775
7.7
7.725
7.9
8.05
8.15
8.25
8.2
8.15
8.1
8.2
8.3
8.45
8.6
8.725
8.85
8.925
9.05
9.0
8.95
8.9
8.875
8.775
8.7
8.675
8.625
8.6
8.55
8.45
8.4
8.35
8.325
42.55
17.975
33.675
8.125
31.35
8.05
8.0
16.425
31.65
7.85
7.8
7.8
12.95
30.65
7.625
7.6
7.575
7.55
7.475
7.425
7.4
7.375
7.325
7.325
21.0
7.225
25.95
7.15
7.175
7.125
17.325
18.55
7.025
7.0
7.0
6.9
6.9
6.875
6.85
6.825
14.775
13.0
6.725
6.7
26.675
6.65
12.325
18.55
6.525
32.0
6.475
8.95
13.175
6.4
6.375
6.35
6.325
20.525
15.0
6.225
6.2
