0.0
0.0
32.5
20.525
22.4
19.1
17.85
19.475
17.8
14.45
13.675
12.65
12.175
13.45
13.55
14.475
15.35
16.075
16.775
17.325
17.1
17.325
52.65
16.0
15.775
15.725
16.175
16.6
17.0
17.4
17.75
17.575
17.875
18.2
18.475
18.775
18.425
22.85
17.325
16.95
17.15
16.975
16.575
16.75
16.45
16.7
16.6
16.475
42.7
26.15
41.7
15.225
14.975
14.75
19.775
14.05
13.875
13.675
13.475
17.075
18.4
12.725
12.575
43.9
40.5
26.175
11.8
41.4
11.5
36.625
11.25
27.75
22.6
10.825
10.65
10.575
10.35
10.4
10.6
10.8
10.775
10.75
10.65
10.85
11.0
11.2
11.375
11.55
11.6
11.8
11.975
11.975
11.875
11.775
11.925
12.0
11.9
12.0
12.125
12.175
12.325
12.375
12.275
12.175
21.5
19.4
11.8
11.75
11.9
12.0
12.05
11.95
11.95
12.1
12.225
12.35
12.4
12.475
12.375
12.35
12.475
12.525
12.625
12.725
12.85
12.975
13.075
13.1
13.0
12.925
12.85
12.8
46.95
12.55
12.475
12.4
12.325
12.275
27.125
18.85
12.075
12.1
12.025
12.025
38.1
11.85
31.025
11.7
11.65
11.575
11.5
11.45
11.4
11.4
11.35
11.3
11.25
11.225
11.25
11.2
11.175
37.075
11.025
11.0
10.975
10.975
10.95
11.025
11.0
11.075
11.175
11.175
28.05
19.525
35.725
10.925
10.875
22.275
10.725
10.7
10.65
10.6
19.0
19.7
22.15
10.375
10.325
10.275
24.95
17.9
35.35
10.075
