0.0
0.0
34.25
31.875
23.275
24.55
25.15
25.875
26.125
26.625
24.45
24.775
41.225
41.175
42.975
42.925
18.525
36.825
17.5
46.375
17.1
16.9
17.4
17.875
18.3
18.7
19.075
18.775
19.125
19.425
19.75
20.025
19.75
20.0
20.25
20.45
20.65
20.85
20.55
20.75
20.75
57.075
53.15
51.525
43.925
18.425
52.075
17.775
60.7
31.15
38.6
40.725
16.1
15.75
49.475
39.575
41.95
42.5
42.775
14.2
43.25
17.6
30.05
13.25
48.075
45.275
36.175
37.2
12.25
48.875
45.05
11.8
27.775
32.2
11.275
35.15
37.8
38.45
33.15
10.575
44.45
10.35
42.5
10.15
10.25
10.375
42.775
41.15
40.575
34.05
32.525
9.7
38.35
9.55
9.725
9.825
10.0
10.15
10.325
10.5
10.675
10.725
10.9
10.95
43.875
31.425
33.525
34.725
10.45
50.35
10.275
32.875
10.225
10.375
10.5
10.65
10.775
10.825
41.475
40.9
40.425
40.275
33.875
10.325
42.475
10.225
10.35
10.5
10.55
10.7
10.8
10.85
54.275
34.925
35.925
10.5
46.925
10.375
46.8
29.45
34.35
26.8
10.0
10.025
10.025
34.9
36.225
36.9
9.725
37.2
12.325
24.525
9.475
43.425
41.025
40.25
9.25
38.45
9.15
45.075
9.05
49.775
32.375
33.775
8.825
37.275
8.725
25.65
17.85
27.95
31.275
8.475
8.45
8.375
37.075
37.3
37.25
8.2
50.65
34.325
8.05
45.775
41.475
39.95
11.875
24.725
19.55
28.4
7.75
31.4
33.2
34.1
28.3
7.525
39.0
10.275
20.15
0.525
33.275
