0.0
8.5
18.875
22.35
22.425
18.65
16.8
14.675
41.175
12.025
11.0
10.3
27.4
8.3
21.025
8.875
10.025
11.05
11.4
12.25
12.975
12.95
57.475
36.225
11.15
21.575
11.175
11.725
12.275
12.4
12.9
13.35
13.775
14.2
14.6
14.6
42.775
42.7
13.7
13.475
13.175
12.675
12.425
12.225
11.975
12.05
29.65
19.7
37.55
11.05
10.9
10.75
33.875
10.25
26.075
33.925
9.775
22.475
9.4
41.5
9.15
9.025
49.425
18.7
19.6
28.725
8.375
8.275
22.325
8.0
19.65
29.55
7.725
42.875
19.225
27.875
23.8
30.225
7.15
50.35
11.7
20.625
28.325
6.75
6.7
20.825
20.775
28.225
6.425
6.35
32.8
21.175
17.125
29.075
6.025
5.975
29.725
14.85
5.825
5.8
47.0
5.7
5.625
34.075
16.55
5.5
45.425
5.4
5.325
34.3
5.25
5.225
26.7
5.15
5.1
20.075
5.05
5.025
33.25
4.925
15.375
5.0
5.15
5.325
5.5
5.625
5.8
5.875
5.85
5.825
5.775
5.725
20.175
5.675
44.65
5.625
15.3
5.525
5.5
23.725
5.425
5.4
5.375
12.85
5.325
37.05
5.3
5.3
9.75
22.1
5.2
5.175
5.15
23.6
5.075
5.05
22.275
4.975
4.95
12.9
4.9
4.875
4.85
47.825
4.8
4.775
31.0
4.725
4.7
4.675
8.15
4.625
4.6
38.85
4.575
4.55
18.775
26.375
17.725
4.525
4.5
7.2
4.45
4.425
4.4
4.4
4.375
9.1
4.325
18.325
4.3
43.275
4.275
8.25
18.225
25.8
4.2
4.15
27.875
4.125
16.35
26.825
4.075
4.05
25.775
14.025
4.0
4.0
3.975
3.975
13.95
23.675
3.925
3.925
3.9
3.875
17.35
25.35
3.825
3.825
0.85
