0.0
16.75
23.125
25.1
37.0
15.6
15.975
16.025
56.2
13.05
25.95
10.1
9.4
10.425
11.625
11.925
12.875
13.725
14.45
15.15
15.775
40.125
41.55
24.525
13.15
13.725
14.25
14.275
14.725
15.15
15.575
15.95
15.9
16.25
16.6
16.575
55.95
15.875
18.5
14.925
14.85
14.55
14.85
14.675
14.375
14.525
14.275
14.2
13.95
27.225
40.775
13.075
30.1
37.65
12.45
28.85
37.675
11.75
32.6
11.45
17.65
28.85
10.825
10.7
10.55
10.425
35.9
21.525
30.55
27.3
33.2
9.575
15.6
9.25
36.4
26.075
8.975
23.425
24.7
8.625
42.55
8.45
8.375
8.225
18.65
28.075
8.0
8.15
8.35
8.5
8.625
43.8
8.475
8.55
8.625
37.3
21.0
8.675
8.875
9.025
9.1
38.8
8.95
8.875
8.8
8.75
35.625
23.3
8.575
8.7
8.7
8.575
8.625
8.8
8.95
9.1
9.25
35.625
22.075
9.075
9.2
9.35
9.425
9.575
9.725
9.825
9.975
9.95
9.825
22.55
9.725
9.675
33.375
9.55
23.7
9.4
9.35
9.3
9.25
9.2
9.125
36.075
9.05
9.025
8.975
13.35
24.575
32.775
8.725
8.675
37.375
8.55
19.5
8.45
8.45
42.4
8.575
17.025
27.2
8.2
8.15
8.1
14.775
26.125
7.95
7.925
47.875
7.85
15.775
7.775
7.725
7.7
7.65
7.6
23.05
7.525
7.5
50.45
7.425
25.375
7.325
7.3
28.525
7.25
10.425
23.375
7.1
27.35
7.025
7.025
24.325
16.175
26.175
6.9
6.875
6.85
11.8
24.025
20.225
0.7
