0.0
17.5
23.5
19.1
20.2
42.325
16.65
17.65
16.475
24.325
12.575
24.625
32.05
10.175
10.075
11.125
12.075
12.975
13.725
14.45
14.45
14.825
47.525
45.25
13.25
13.05
13.125
13.625
14.1
14.575
15.0
15.375
15.35
15.725
16.05
16.375
16.225
39.225
30.4
14.925
14.625
14.325
14.025
14.0
13.7
13.825
13.85
13.6
13.475
17.725
12.8
42.325
12.375
12.2
33.85
37.4
11.475
25.325
11.175
11.025
28.95
17.075
29.925
10.325
10.175
10.075
18.525
9.7
39.825
9.45
54.075
30.1
34.375
31.65
8.8
8.725
34.625
21.7
28.15
32.3
8.225
8.15
32.575
21.65
15.825
7.75
7.675
31.625
13.25
21.925
7.6
7.7
48.875
7.575
7.625
7.75
7.7
7.625
7.825
8.0
8.125
8.25
44.2
8.125
8.075
8.925
21.375
31.55
7.75
7.725
7.875
33.8
15.725
7.85
8.025
8.175
8.325
8.375
40.325
8.275
8.3
8.45
8.55
8.7
8.85
9.0
9.125
9.25
35.15
9.1
27.55
8.975
8.925
8.9
8.8
23.0
8.7
8.65
8.6
8.5
16.975
8.425
31.375
8.325
18.55
30.0
8.175
24.375
33.6
8.075
8.0
39.175
7.9
7.875
7.825
7.8
24.075
25.425
7.625
43.85
7.55
20.0
12.7
7.45
41.4
7.375
7.35
26.525
22.975
7.2
7.175
7.15
19.075
7.075
7.05
24.25
6.975
6.95
28.875
17.075
25.575
6.775
6.75
30.725
6.675
17.375
6.6
6.625
37.3
6.525
21.725
6.45
6.5
36.925
6.45
29.35
6.325
26.85
6.275
6.275
