0.0
10.0
19.625
22.775
22.225
18.5
14.725
15.9
47.9
12.9
11.875
46.425
9.4
9.875
11.075
12.2
13.125
13.325
14.05
14.75
15.375
15.175
61.075
17.275
26.8
13.475
14.025
14.525
14.975
14.95
15.375
15.775
16.15
16.5
16.4
16.575
46.45
15.875
15.625
15.3
14.925
14.6
14.675
14.675
14.475
14.775
22.5
14.225
50.45
13.725
13.525
35.075
28.825
12.675
46.45
12.275
12.125
28.0
22.35
36.2
11.3
11.15
48.0
10.7
20.825
30.325
10.325
10.2
14.175
26.925
9.7
47.6
9.475
47.625
11.9
21.325
8.95
8.925
8.825
48.975
16.05
26.475
8.375
8.3
8.225
8.075
34.25
18.95
7.925
8.15
8.35
33.2
19.15
8.125
8.325
8.35
8.275
8.25
8.425
8.625
8.8
8.8
14.4
25.075
35.5
8.45
8.375
48.325
14.95
8.275
8.375
8.3
8.3
8.475
8.55
8.7
8.85
8.875
8.825
23.2
8.825
8.975
9.1
9.25
9.375
9.45
9.575
9.65
9.575
9.525
40.975
9.375
22.575
30.625
9.2
9.15
17.05
9.0
18.475
8.9
8.875
8.85
29.5
8.725
8.7
42.15
8.6
8.55
23.425
22.65
8.35
40.3
8.25
24.675
19.125
17.125
27.325
8.05
8.0
7.925
17.875
24.35
7.8
7.775
43.225
7.65
16.9
26.975
7.575
7.575
7.75
24.475
7.425
7.4
7.375
7.325
21.275
17.5
30.7
7.175
7.15
31.875
16.55
7.025
35.0
6.975
6.95
17.875
15.35
25.675
6.8
25.525
6.75
13.175
24.65
6.65
26.625
6.6
6.575
28.5
6.475
