0.0
14.25
21.875
24.3
21.9
17.275
18.975
19.1
54.975
18.0
16.75
15.2
16.2
17.1
17.825
18.5
18.125
18.7
19.175
19.65
20.075
19.525
43.25
18.2
18.625
18.975
19.35
19.075
19.375
19.675
19.95
20.225
20.475
20.175
20.425
20.375
56.9
19.95
19.75
19.525
19.575
19.475
19.675
19.475
19.275
19.4
19.25
19.2
18.875
47.3
27.925
37.4
40.35
17.15
17.075
17.275
43.725
16.7
51.7
43.0
16.025
20.825
15.35
42.175
29.45
14.875
15.05
15.05
15.15
14.975
15.15
15.325
15.5
15.475
15.625
15.8
15.95
16.1
16.075
16.175
48.75
16.1
16.225
16.375
16.35
16.475
16.55
16.7
16.825
16.775
16.825
48.65
16.725
16.85
16.975
41.675
16.75
16.85
16.975
17.075
17.175
43.4
16.85
16.725
16.675
16.625
16.6
16.65
16.75
16.85
16.8
16.85
16.775
16.875
16.975
17.025
17.125
40.675
16.925
17.025
17.1
17.2
17.275
17.25
17.325
17.425
17.5
17.45
17.425
44.225
17.2
49.1
16.875
24.275
16.8
16.8
16.9
16.8
16.65
16.75
16.775
53.65
16.575
46.975
16.475
16.375
16.35
16.375
16.35
16.4
51.3
16.35
16.3
16.2
16.25
16.15
16.225
16.2
16.15
16.125
45.525
16.05
16.025
16.075
15.95
16.025
16.05
16.075
16.125
16.2
16.075
16.0
16.025
53.95
42.125
15.8
24.9
15.575
15.5
15.475
15.4
15.775
15.2
42.875
