4.096
4.096
4.096
4.096
4.096
4.096
4.096
4.096
4.096
4.096
4.096
4.096
4.096
4.096
4.096
4.096
4.096
4.096
4.096
4.096
4.096
4.096
4.096
4.096
8.192
8.192
8.192
8.192
8.192
8.192
8.192
8.192
8.192
8.192
8.192
8.192
8.192
8.192
8.192
8.192
8.192
8.192
8.192
8.192
8.192
8.192
8.192
8.192
8.192
8.192
8.192
8.192
8.192
8.192
8.192
12.288
12.288
12.288
12.288
12.288
12.288
12.288
12.288
12.288
12.288
12.288
12.288
12.288
12.288
12.288
12.288
12.288
12.288
12.288
16.384
16.384
16.384
16.384
16.384
12.288
16.384
16.384
16.384
16.384
16.384
16.384
16.384
16.384
16.384
16.384
16.384
16.384
16.384
16.384
16.384
16.384
16.384
16.384
16.384
16.384
16.384
16.384
16.384
20.48
16.384
20.48
20.48
20.48
20.48
20.48
20.48
20.48
20.48
20.48
20.48
20.48
20.48
20.48
20.48
20.48
20.48
20.48
20.48
20.48
20.48
20.48
20.48
20.48
20.48
20.48
20.48
20.48
20.48
20.48
20.48
20.48
20.48
24.576
20.48
24.576
24.576
24.576
24.576
24.576
24.576
24.576
24.576
24.576
24.576
24.576
24.576
24.576
24.576
24.576
24.576
24.576
24.576
28.672
28.672
28.672
28.672
28.672
28.672
28.672
28.672
28.672
28.672
28.672
28.672
28.672
28.672
28.672
28.672
28.672
28.672
28.672
28.672
32.768
32.768
28.672
28.672
32.768
32.768
32.768
32.768
32.768
32.768
32.768
32.768
32.768
36.864
32.768
32.768
32.768
32.768
32.768
32.768
36.864
36.864
36.864
36.864
