4.096
4.096
4.096
4.096
4.096
4.096
4.096
4.096
4.096
4.096
4.096
4.096
4.096
4.096
4.096
8.192
8.192
8.192
8.192
8.192
8.192
8.192
8.192
8.192
8.192
8.192
8.192
8.192
8.192
8.192
8.192
8.192
8.192
8.192
8.192
8.192
8.192
8.192
8.192
8.192
8.192
8.192
8.192
8.192
8.192
8.192
8.192
8.192
12.288
12.288
12.288
12.288
12.288
12.288
12.288
12.288
12.288
12.288
12.288
12.288
12.288
12.288
12.288
12.288
12.288
12.288
12.288
12.288
12.288
16.384
16.384
12.288
12.288
16.384
16.384
12.288
16.384
16.384
16.384
16.384
16.384
16.384
16.384
16.384
16.384
16.384
16.384
16.384
16.384
16.384
16.384
16.384
16.384
16.384
16.384
16.384
16.384
16.384
16.384
16.384
16.384
16.384
16.384
20.48
20.48
20.48
20.48
20.48
20.48
20.48
20.48
20.48
20.48
20.48
20.48
20.48
20.48
20.48
24.576
24.576
20.48
24.576
24.576
24.576
24.576
28.672
24.576
24.576
24.576
24.576
24.576
24.576
24.576
24.576
28.672
28.672
28.672
24.576
24.576
24.576
24.576
28.672
28.672
28.672
28.672
32.768
28.672
28.672
28.672
32.768
32.768
28.672
28.672
28.672
28.672
28.672
28.672
28.672
32.768
28.672
32.768
32.768
32.768
32.768
32.768
32.768
32.768
32.768
32.768
28.672
28.672
32.768
36.864
36.864
32.768
32.768
32.768
36.864
32.768
32.768
32.768
36.864
36.864
32.768
36.864
36.864
36.864
36.864
36.864
40.96
32.768
32.768
36.864
36.864
36.864
36.864
36.864
40.96
36.864
36.864
36.864
40.96
40.96
40.96
40.96
36.864
40.96
36.864
40.96
36.864
40.96
40.96
40.96
40.96
40.96
45.056
45.056
45.056
45.056
45.056
45.056
45.056
45.056
45.056
45.056
49.152
45.056
49.152
49.152
40.96
45.056
49.152
49.152
49.152
53.248
49.152
40.96
40.96
40.96
49.152
49.152
49.152
53.248
49.152
49.152
49.152
53.248
45.056
49.152
53.248
53.248
53.248
53.248
57.344
49.152
