0
0
0
2000
2000
2000
4000
4000
4000
4000
6000
6000
6000
6000
8000
8000
8000
10000
10000
10000
10000
10000
10000
10000
12000
12000
12000
12000
12000
12000
12000
12000
12000
12000
12000
12000
12000
12000
12000
12000
14000
14000
14000
14000
16000
16000
18000
18000
20000
20000
22000
22000
24000
24000
26000
26000
28000
28000
30000
30000
30000
30000
32000
32000
32000
34000
34000
34000
34000
36000
36000
36000
38000
38000
38000
40000
40000
42000
42000
42000
42000
44000
44000
44000
46000
46000
46000
48000
48000
48000
48000
50000
50000
50000
50000
50000
50000
52000
52000
52000
52000
54000
54000
54000
56000
56000
56000
56000
58000
58000
58000
60000
60000
60000
62000
62000
62000
64000
64000
64000
64000
66000
66000
68000
68000
68000
68000
68000
70000
70000
70000
72000
72000
72000
72000
74000
74000
76000
76000
76000
78000
78000
78000
80000
80000
80000
82000
82000
82000
84000
84000
84000
86000
86000
88000
88000
88000
90000
90000
90000
92000
92000
92000
94000
94000
94000
96000
96000
98000
98000
98000
98000
100000
100000
102000
102000
104000
104000
106000
106000
108000
108000
110000
110000
112000
112000
114000
114000
114000
114000
116000
116000
116000
118000
118000
118000
118000
120000
120000
120000
122000
122000
122000
124000
124000
126000
126000
126000
128000
128000
128000
130000
130000
130000
132000
132000
132000
134000
134000
134000
136000
136000
138000
138000
138000
140000
140000
140000
142000
142000
142000
142000
144000
144000
146000
146000
148000
148000
150000
152000
152000
154000
154000
156000
156000
156000
158000
158000
158000
160000
160000
160000
162000
162000
162000
162000
164000
164000
166000
166000
166000
168000
168000
168000
170000
170000
172000
172000
172000
174000
174000
174000
176000
176000
176000
178000
178000
180000
180000
180000
182000
182000
182000