0
0
0
0
0
0
5000
5000
5000
5000
5000
5000
10000
10000
10000
10000
10000
10000
10000
10000
10000
10000
10000
10000
10000
10000
10000
10000
10000
10000
10000
10000
10000
10000
10000
10000
10000
10000
10000
10000
10000
15000
15000
15000
15000
15000
15000
15000
15000
15000
20000
20000
20000
20000
25000
25000
25000
30000
30000
30000
30000
30000
30000
35000
35000
35000
35000
35000
35000
35000
35000
40000
40000
40000
40000
40000
40000
45000
45000
45000
45000
45000
45000
45000
50000
50000
50000
50000
50000
50000
50000
50000
50000
50000
55000
55000
55000
55000
55000
55000
55000
60000
60000
60000
60000
60000
60000
60000
65000
65000
65000
65000
65000
65000
70000
70000
70000
70000
70000
70000
75000
75000
75000
75000
75000
75000
75000
80000
80000
80000
80000
80000
80000
80000
85000
85000
85000
85000
85000
85000
90000
90000
90000
90000
90000
90000
90000
90000
90000
90000
95000
95000
95000
95000
95000
95000
100000
100000
100000
100000
100000
100000
105000
105000
105000
105000
110000
110000
110000
115000
115000
115000
115000
115000
115000
115000
120000
120000
120000
120000
120000
120000
120000
125000
125000
125000
125000
125000
125000
125000
130000
130000
130000
130000
130000
130000
135000
135000
135000
135000
135000
135000
140000
140000
140000
140000
140000
140000
140000
145000
145000
145000
145000
145000
145000
150000
150000
150000
155000
155000
155000
155000
160000
160000
160000
160000
160000
160000
160000
165000
165000
165000
165000
165000
165000
165000
170000
170000
170000
170000
170000
175000
175000
175000
175000
175000
175000
175000