0
0
0
0
0
0
0
0
0
0
0
0
10000
10000
10000
10000
10000
10000
10000
10000
10000
10000
10000
10000
10000
10000
10000
10000
10000
10000
10000
10000
10000
10000
10000
10000
10000
10000
10000
10000
10000
10000
10000
10000
10000
10000
20000
20000
20000
20000
20000
20000
20000
20000
20000
20000
20000
30000
30000
30000
30000
30000
30000
30000
30000
30000
40000
40000
40000
40000
40000
40000
40000
40000
40000
40000
40000
40000
40000
40000
50000
50000
50000
50000
50000
50000
50000
50000
50000
50000
50000
50000
50000
50000
50000
50000
50000
50000
60000
60000
60000
60000
60000
60000
60000
60000
60000
60000
60000
60000
60000
60000
60000
70000
70000
70000
70000
70000
70000
70000
70000
70000
70000
70000
70000
80000
80000
80000
80000
80000
80000
80000
80000
80000
80000
80000
80000
90000
90000
90000
90000
90000
90000
90000
90000
90000
90000
90000
90000
90000
90000
90000
90000
100000
100000
100000
100000
100000
100000
100000
100000
100000
100000
110000
110000
110000
110000
110000
110000
120000
120000
120000
120000
120000
120000
120000
120000
120000
120000
120000
120000
120000
130000
130000
130000
130000
130000
130000
130000
130000
130000
130000
130000
140000
140000
140000
140000
140000
140000
140000
140000
140000
140000
140000
140000
150000
150000
150000
150000
150000
150000
150000
150000
160000
160000
160000
160000
160000
160000
160000
160000
160000
160000
170000
170000
170000
170000
170000
170000
170000
170000
170000
170000
170000