0
0
1000
1000
2000
3000
3000
4000
4000
5000
5000
6000
6000
7000
7000
8000
9000
9000
10000
10000
11000
11000
11000
11000
12000
12000
12000
12000
12000
12000
12000
12000
12000
12000
12000
12000
12000
12000
12000
12000
13000
13000
14000
14000
15000
15000
16000
16000
17000
18000
19000
20000
20000
21000
22000
23000
24000
25000
25000
26000
27000
28000
28000
29000
30000
30000
30000
31000
31000
32000
32000
33000
33000
34000
34000
35000
35000
36000
36000
37000
37000
38000
38000
39000
40000
41000
41000
42000
42000
42000
43000
44000
44000
45000
45000
46000
46000
47000
47000
48000
48000
49000
49000
49000
49000
49000
50000
50000
51000
51000
52000
52000
53000
53000
54000
54000
55000
55000
56000
56000
56000
57000
57000
58000
58000
59000
59000
60000
60000
61000
62000
62000
63000
63000
64000
64000
65000
65000
66000
67000
67000
68000
68000
69000
69000
70000
70000
71000
71000
72000
72000
73000
73000
74000
75000
75000
76000
76000
77000
78000
78000
79000
79000
80000
80000
81000
81000
82000
82000
83000
83000
84000
84000
85000
86000
86000
87000
87000
88000
88000
89000
89000
90000
90000
91000
92000
92000
93000
93000
94000
95000
95000
96000
96000
97000
97000
98000
98000
99000
99000
100000
101000
102000
102000
103000
104000
104000
105000
106000
107000
108000
109000
109000
110000
111000
112000
112000
113000
113000
113000
114000
114000
115000
116000
116000
117000
117000
118000
118000
119000
119000
120000
120000
121000
121000
122000
122000
123000
124000
124000
125000
125000
126000
127000
127000
128000
128000
129000
129000
130000
130000
131000
131000
132000
132000
133000
133000
134000
135000
135000
136000
136000
137000
137000
138000
138000
139000
139000
140000
140000
141000
141000
141000
142000
143000
144000
144000
145000
146000
147000
148000
148000
149000
150000
150000
151000
152000
153000
153000
154000
155000
155000
156000
156000
157000
158000
158000
159000
159000
160000
160000
161000
161000
162000
162000
163000
163000
164000
165000
165000
166000
166000
167000
168000
168000
169000
169000
170000
170000
171000
172000
172000
173000
173000
174000
174000
175000
175000
176000
176000
177000
178000
179000
179000
180000
180000
181000
181000
182000
182000
183000
183000