2.0
5.0
8.0
12.0
14.0
18.0
13.0
17.0
21.0
25.0
30.0
18.0
19.0
34.0
19.0
35.0
20.0
20.0
22.0
23.0
25.0
36.0
26.0
37.0
27.0
27.0
27.0
29.0
29.0
30.0
30.0
30.0
30.0
31.0
31.0
31.0
31.0
31.0
39.0
39.0
40.0
40.0
40.0
41.0
36.0
40.0
43.0
41.0
49.0
52.0
42.0
55.0
56.0
56.0
42.0
57.0
42.0
43.0
43.0
44.0
45.0
45.0
46.0
47.0
47.0
50.0
52.0
57.0
58.0
61.0
62.0
62.0
64.0
66.0
67.0
68.0
53.0
71.0
72.0
72.0
73.0
74.0
57.0
75.0
75.0
76.0
76.0
78.0
78.0
78.0
58.0
62.0
80.0
67.0
81.0
82.0
71.0
84.0
85.0
85.0
86.0
87.0
87.0
88.0
89.0
89.0
72.0
89.0
89.0
77.0
92.0
79.0
92.0
93.0
81.0
95.0
95.0
96.0
84.0
84.0
85.0
86.0
86.0
87.0
88.0
89.0
89.0
91.0
92.0
93.0
94.0
97.0
95.0
98.0
99.0
99.0
97.0
100.0
97.0
101.0
98.0
98.0
102.0
103.0
104.0
106.0
99.0
107.0
99.0
109.0
100.0
103.0
110.0
112.0
112.0
113.0
115.0
115.0
116.0
105.0
106.0
106.0
107.0
108.0
116.0
117.0
117.0
118.0
119.0
120.0
120.0
124.0
125.0
127.0
127.0
128.0
128.0
129.0
109.0
110.0
110.0
112.0
112.0
130.0
115.0
115.0
130.0
131.0
132.0
132.0
133.0
133.0
116.0
116.0
136.0
116.0
138.0
138.0
139.0
117.0
140.0
140.0
141.0
141.0
142.0
118.0
120.0
120.0
120.0
124.0
142.0
143.0
144.0
144.0
146.0
125.0
146.0
127.0
128.0
128.0
128.0
129.0
129.0
131.0
135.0
139.0
142.0
148.0
146.0
154.0
156.0
148.0
148.0
148.0
149.0
166.0
151.0
151.0
152.0
152.0
153.0
154.0
155.0
170.0
171.0
173.0
156.0
156.0
156.0
177.0
158.0
179.0
181.0
158.0
159.0
160.0
161.0
161.0
161.0
162.0
162.0
184.0
162.0
164.0
165.0
166.0
187.0
167.0
167.0
168.0
192.0
193.0
169.0
170.0
170.0
171.0
172.0
173.0
196.0
174.0
175.0
175.0
197.0
178.0
181.0
183.0
186.0
189.0
192.0
194.0
196.0
196.0
197.0
198.0
198.0
199.0
201.0
201.0
202.0
202.0
203.0
205.0
205.0
207.0
207.0
208.0
208.0
209.0
210.0
211.0
211.0
212.0
213.0
214.0
215.0
216.0
218.0
221.0
224.0
226.0
229.0
233.0
235.0
238.0
240.0
243.0
247.0
249.0
251.0
254.0
255.0
255.0
257.0
258.0
258.0
259.0
259.0
260.0
262.0
262.0
263.0
264.0
265.0
266.0
267.0
268.0
269.0
270.0
271.0
273.0
276.0
279.0
282.0
285.0
287.0
290.0
293.0
296.0
299.0
301.0
305.0
307.0
309.0
312.0
313.0
314.0
314.0
315.0
317.0
317.0
318.0
319.0
320.0
321.0
321.0
322.0
324.0
325.0
325.0
327.0
327.0
329.0
331.0
334.0
337.0
340.0
342.0
345.0
348.0
351.0
354.0
356.0
359.0
362.0
366.0
368.0
371.0
374.0
376.0
381.0
384.0
387.0
390.0
393.0
396.0
400.0
360.0
363.0
366.0
368.0
371.0
374.0
376.0
378.0
378.0
380.0
381.0
383.0
386.0
388.0
402.0
394.0
398.0
401.0
403.0
406.0
408.0
411.0
403.0
415.0
405.0
407.0
418.0
418.0
419.0
420.0
421.0
423.0
423.0
424.0
425.0
427.0
428.0
408.0
410.0
412.0
412.0
413.0
413.0
415.0
417.0
418.0
431.0
418.0
419.0
419.0
420.0
422.0
423.0
424.0
427.0
428.0
431.0
432.0
433.0
434.0
435.0
435.0
436.0
436.0
437.0
437.0
437.0
438.0
438.0
438.0
439.0
439.0
434.0
435.0
435.0
436.0
436.0
440.0
441.0
441.0
442.0
442.0
441.0
444.0
444.0
445.0
445.0
447.0
447.0
448.0
448.0
448.0
449.0
450.0
450.0
451.0
452.0
452.0
453.0
454.0
455.0
450.0
455.0
456.0
457.0
458.0
459.0
459.0
462.0
463.0
464.0
465.0
467.0
467.0
468.0
469.0
469.0
470.0
471.0
473.0
474.0
455.0
456.0
457.0
458.0
458.0
459.0
462.0
463.0
464.0
465.0
467.0
475.0
475.0
476.0
468.0
469.0
478.0
478.0
479.0
480.0
480.0
482.0
482.0
483.0
484.0
487.0
489.0
470.0
471.0
490.0
491.0
492.0
474.0
475.0
477.0
478.0
478.0
479.0
480.0
482.0
483.0
484.0
486.0
490.0
490.0
490.0
491.0
492.0
493.0
494.0
494.0
495.0
496.0
496.0
497.0
498.0
498.0
497.0
499.0
498.0
498.0
498.0
500.0
500.0
499.0
501.0
503.0
503.0
504.0
506.0
506.0
506.0
507.0
507.0
508.0
508.0
509.0
510.0
511.0
514.0
515.0
517.0
518.0
518.0
519.0
521.0
522.0
524.0
524.0
525.0
526.0
527.0
528.0
529.0
530.0
531.0
531.0
532.0
534.0
534.0
536.0
536.0
507.0
508.0
537.0
538.0
538.0
539.0
539.0
539.0
540.0
541.0
508.0
509.0
510.0
510.0
511.0
512.0
514.0
514.0
515.0
517.0
518.0
526.0
529.0
530.0
531.0
534.0
536.0
536.0
537.0
538.0
539.0
541.0
542.0
