3000
13000
23000
33000
43000
53000
63000
73000
83000
93000
103000
113000
123000
133000
143000
153000
163000
173000
183000
193000
203000
213000
223000
233000
243000
253000
263000
273000
283000
293000
303000
313000
323000
333000
343000
353000
363000
373000
383000
393000
403000
413000
423000
433000
443000
453000
463000
473000
483000
493000
503000
513000
523000
533000
543000
553000
563000
573000
583000
593000
603000
613000
623000
633000
643000
653000
663000
673000
683000
693000
703000
713000
723000
733000
743000
753000
763000
773000
783000
793000
803000
813000
823000
833000
843000
853000
863000
873000
883000
893000
903000
913000
923000
933000
943000
