7.000000
20.000000
25.000000
27.000000
30.000000
32.000000
34.000000
39.000000
40.000000
43.000000
43.000000
44.000000
48.000000
48.000000
56.000000
58.000000
62.000000
65.000000
68.000000
71.000000
74.000000
79.000000
84.000000
90.000000
92.000000
98.000000
102.000000
105.000000
107.000000
111.000000
114.000000
115.000000
119.000000
123.000000
128.000000
131.000000
135.000000
138.000000
138.000000
141.000000
144.000000
147.000000
152.000000
159.000000
164.000000
171.000000
174.000000
177.000000
181.000000
182.000000
182.000000
183.000000
185.000000
186.000000
189.000000
193.000000
196.000000
201.000000
202.000000
205.000000
207.000000
211.000000
215.000000
219.000000
221.000000
222.000000
224.000000
227.000000
229.000000
234.000000
239.000000
240.000000
243.000000
247.000000
248.000000
252.000000
253.000000
255.000000
256.000000
257.000000
258.000000
260.000000
264.000000
266.000000
269.000000
270.000000
273.000000
275.000000
276.000000
276.000000
281.000000
289.000000
291.000000
294.000000
294.000000
