7.000000
20.000000
25.000000
27.000000
29.000000
31.000000
33.000000
35.000000
39.000000
41.000000
43.000000
43.000000
44.000000
47.000000
48.000000
55.000000
57.000000
59.000000
62.000000
66.000000
68.000000
70.000000
73.000000
76.000000
82.000000
86.000000
91.000000
92.000000
99.000000
102.000000
105.000000
107.000000
111.000000
113.000000
115.000000
116.000000
120.000000
124.000000
130.000000
131.000000
135.000000
138.000000
138.000000
139.000000
142.000000
146.000000
149.000000
154.000000
161.000000
164.000000
171.000000
174.000000
177.000000
180.000000
182.000000
182.000000
183.000000
183.000000
185.000000
186.000000
189.000000
192.000000
195.000000
201.000000
202.000000
203.000000
206.000000
209.000000
213.000000
216.000000
219.000000
221.000000
222.000000
224.000000
227.000000
228.000000
230.000000
236.000000
240.000000
241.000000
243.000000
246.000000
248.000000
251.000000
253.000000
255.000000
256.000000
256.000000
258.000000
259.000000
260.000000
264.000000
266.000000
268.000000
269.000000
271.000000
274.000000
275.000000
276.000000
276.000000
281.000000
288.000000
291.000000
292.000000
294.000000
