7.000000
20.000000
24.000000
25.000000
28.000000
30.000000
31.000000
33.000000
36.000000
39.000000
40.000000
42.000000
43.000000
43.000000
44.000000
48.000000
48.000000
55.000000
57.000000
59.000000
62.000000
65.000000
66.000000
69.000000
71.000000
74.000000
76.000000
82.000000
86.000000
90.000000
92.000000
95.000000
101.000000
103.000000
105.000000
107.000000
111.000000
113.000000
114.000000
116.000000
119.000000
122.000000
125.000000
131.000000
133.000000
135.000000
138.000000
138.000000
139.000000
141.000000
144.000000
147.000000
150.000000
155.000000
161.000000
164.000000
170.000000
173.000000
175.000000
178.000000
181.000000
182.000000
182.000000
183.000000
183.000000
185.000000
186.000000
187.000000
191.000000
194.000000
196.000000
201.000000
201.000000
203.000000
206.000000
207.000000
210.000000
214.000000
217.000000
220.000000
221.000000
222.000000
224.000000
225.000000
227.000000
229.000000
232.000000
236.000000
240.000000
242.000000
243.000000
246.000000
248.000000
250.000000
253.000000
253.000000
255.000000
256.000000
256.000000
258.000000
258.000000
259.000000
262.000000
265.000000
267.000000
269.000000
270.000000
272.000000
274.000000
275.000000
276.000000
276.000000
278.000000
283.000000
289.000000
291.000000
293.000000
294.000000
