8.000000
20.000000
23.000000
25.000000
27.000000
29.000000
31.000000
32.000000
33.000000
35.000000
39.000000
40.000000
41.000000
43.000000
43.000000
44.000000
44.000000
48.000000
48.000000
49.000000
56.000000
57.000000
60.000000
62.000000
65.000000
66.000000
68.000000
70.000000
73.000000
75.000000
79.000000
82.000000
86.000000
90.000000
92.000000
93.000000
99.000000
102.000000
103.000000
105.000000
107.000000
111.000000
113.000000
114.000000
115.000000
116.000000
119.000000
122.000000
125.000000
130.000000
131.000000
135.000000
138.000000
138.000000
139.000000
139.000000
141.000000
144.000000
146.000000
148.000000
152.000000
157.000000
163.000000
164.000000
170.000000
172.000000
175.000000
177.000000
180.000000
181.000000
182.000000
182.000000
183.000000
183.000000
184.000000
186.000000
187.000000
189.000000
191.000000
195.000000
196.000000
201.000000
201.000000
202.000000
204.000000
206.000000
207.000000
211.000000
214.000000
216.000000
219.000000
220.000000
222.000000
222.000000
224.000000
225.000000
227.000000
229.000000
231.000000
236.000000
239.000000
240.000000
243.000000
243.000000
246.000000
248.000000
250.000000
252.000000
253.000000
255.000000
255.000000
256.000000
256.000000
257.000000
258.000000
259.000000
260.000000
264.000000
265.000000
267.000000
269.000000
270.000000
271.000000
273.000000
275.000000
276.000000
276.000000
277.000000
278.000000
282.000000
289.000000
291.000000
292.000000
294.000000
